close,high,low,open,time,volumefrom,volumeto,coin_units,computer_name,exchange,symbol,timestamp_api_call
0.0005737,0.0005737,0.0005722,0.0005722,1514560860,0.0,0.0,1,JordanManual,CCCAGG,LEA,2017-12-30 17:40:30.524104
0.000575,0.000575,0.0005741,0.0005741,1514561040,0.0,0.0,1,JordanManual,CCCAGG,LEA,2017-12-30 17:40:30.524104
0.0005754,0.0005754,0.0005751,0.0005751,1514561220,4600.0,2.65,1,JordanManual,CCCAGG,LEA,2017-12-30 17:40:30.524104
0.0005766,0.000577,0.0005766,0.0005767,1514561400,0.0,0.0,1,JordanManual,CCCAGG,LEA,2017-12-30 17:40:30.524104
0.0005795,0.0005795,0.0005771,0.0005771,1514561580,0.0,0.0,1,JordanManual,CCCAGG,LEA,2017-12-30 17:40:30.524104
0.0005802,0.0005802,0.0005796,0.0005796,1514561760,0.0,0.0,1,JordanManual,CCCAGG,LEA,2017-12-30 17:40:30.524104
0.0005805,0.0005805,0.0005804,0.0005804,1514561940,0.0,0.0,1,JordanManual,CCCAGG,LEA,2017-12-30 17:40:30.524104
0.0005822,0.0005822,0.0005806,0.0005806,1514562120,0.0,0.0,1,JordanManual,CCCAGG,LEA,2017-12-30 17:40:30.524104
0.0005823,0.0005824,0.0005822,0.0005824,1514562300,0.0,0.0,1,JordanManual,CCCAGG,LEA,2017-12-30 17:40:30.524104
0.0005825,0.0005833,0.0005825,0.000583,1514562480,0.0,0.0,1,JordanManual,CCCAGG,LEA,2017-12-30 17:40:30.524104
0.0005806,0.0005818,0.0005806,0.0005818,1514562660,0.0,0.0,1,JordanManual,CCCAGG,LEA,2017-12-30 17:40:30.524104
0.0005815,0.0005815,0.000581,0.000581,1514562840,0.0,0.0,1,JordanManual,CCCAGG,LEA,2017-12-30 17:40:30.524104
0.0005808,0.0005815,0.0005808,0.0005815,1514563020,0.0,0.0,1,JordanManual,CCCAGG,LEA,2017-12-30 17:40:30.524104
0.0005801,0.0005806,0.0005801,0.0005806,1514563200,0.0,0.0,1,JordanManual,CCCAGG,LEA,2017-12-30 17:40:30.524104
0.0005805,0.0005809,0.0005805,0.0005809,1514563380,0.0,0.0,1,JordanManual,CCCAGG,LEA,2017-12-30 17:40:30.524104
0.0005813,0.0005813,0.0005806,0.0005806,1514563560,0.0,0.0,1,JordanManual,CCCAGG,LEA,2017-12-30 17:40:30.524104
0.0005826,0.0005826,0.0005813,0.0005813,1514563740,0.0,0.0,1,JordanManual,CCCAGG,LEA,2017-12-30 17:40:30.524104
0.0005839,0.0005839,0.0005825,0.0005825,1514563920,0.0,0.0,1,JordanManual,CCCAGG,LEA,2017-12-30 17:40:30.524104
0.0005857,0.0005857,0.0005845,0.0005845,1514564100,0.0,0.0,1,JordanManual,CCCAGG,LEA,2017-12-30 17:40:30.524104
0.0005854,0.0005855,0.0005852,0.0005855,1514564280,0.0,0.0,1,JordanManual,CCCAGG,LEA,2017-12-30 17:40:30.524104
0.0005842,0.0005853,0.0005842,0.0005853,1514564460,0.0,0.0,1,JordanManual,CCCAGG,LEA,2017-12-30 17:40:30.524104
0.0005855,0.0005855,0.0005849,0.0005849,1514564640,0.0,0.0,1,JordanManual,CCCAGG,LEA,2017-12-30 17:40:30.524104
0.0005875,0.0005875,0.0005867,0.0005867,1514564820,0.0,0.0,1,JordanManual,CCCAGG,LEA,2017-12-30 17:40:30.524104
0.0005897,0.0005897,0.0005881,0.0005881,1514565000,0.0,0.0,1,JordanManual,CCCAGG,LEA,2017-12-30 17:40:30.524104
0.0005908,0.0005908,0.000589,0.000589,1514565180,0.0,0.0,1,JordanManual,CCCAGG,LEA,2017-12-30 17:40:30.524104
0.0005914,0.0005914,0.0005911,0.0005911,1514565360,0.0,0.0,1,JordanManual,CCCAGG,LEA,2017-12-30 17:40:30.524104
0.0005921,0.0005935,0.000592,0.000592,1514565540,0.0,0.0,1,JordanManual,CCCAGG,LEA,2017-12-30 17:40:30.524104
0.0005907,0.0005914,0.0005907,0.0005912,1514565720,0.0,0.0,1,JordanManual,CCCAGG,LEA,2017-12-30 17:40:30.524104
0.0005887,0.0005898,0.0005887,0.0005888,1514565900,3600.0,2.12,1,JordanManual,CCCAGG,LEA,2017-12-30 17:40:30.524104
0.0005893,0.0005895,0.0005892,0.0005895,1514566080,0.0,0.0,1,JordanManual,CCCAGG,LEA,2017-12-30 17:40:30.524104
0.0005881,0.0005887,0.0005881,0.0005887,1514566260,0.0,0.0,1,JordanManual,CCCAGG,LEA,2017-12-30 17:40:30.524104
0.0005858,0.0005882,0.0005858,0.0005882,1514566440,4259.08,2.49,1,JordanManual,CCCAGG,LEA,2017-12-30 17:40:30.524104
0.0005872,0.0005872,0.0005869,0.000587,1514566620,0.0,0.0,1,JordanManual,CCCAGG,LEA,2017-12-30 17:40:30.524104
0.0005864,0.000587,0.0005864,0.000587,1514566800,2800.0,1.64,1,JordanManual,CCCAGG,LEA,2017-12-30 17:40:30.524104
0.0005871,0.0005871,0.0005865,0.0005866,1514566980,0.0,0.0,1,JordanManual,CCCAGG,LEA,2017-12-30 17:40:30.524104
0.0005891,0.0005891,0.0005878,0.0005878,1514567160,0.0,0.0,1,JordanManual,CCCAGG,LEA,2017-12-30 17:40:30.524104
0.0005883,0.0005889,0.0005883,0.0005889,1514567340,0.0,0.0,1,JordanManual,CCCAGG,LEA,2017-12-30 17:40:30.524104
0.0005875,0.000588,0.0005874,0.000588,1514567520,0.0,0.0,1,JordanManual,CCCAGG,LEA,2017-12-30 17:40:30.524104
0.0005881,0.0005881,0.0005878,0.0005878,1514567700,0.0,0.0,1,JordanManual,CCCAGG,LEA,2017-12-30 17:40:30.524104
0.0005879,0.0005886,0.0005879,0.0005886,1514567880,2800.0,1.65,1,JordanManual,CCCAGG,LEA,2017-12-30 17:40:30.524104
0.0005876,0.0005878,0.0005876,0.0005878,1514568060,0.0,0.0,1,JordanManual,CCCAGG,LEA,2017-12-30 17:40:30.524104
0.0005881,0.0005881,0.0005876,0.0005876,1514568240,0.0,0.0,1,JordanManual,CCCAGG,LEA,2017-12-30 17:40:30.524104
0.0005908,0.0005908,0.0005884,0.0005884,1514568420,0.0,0.0,1,JordanManual,CCCAGG,LEA,2017-12-30 17:40:30.524104
0.0005914,0.0005914,0.0005908,0.0005908,1514568600,4200.0,2.48,1,JordanManual,CCCAGG,LEA,2017-12-30 17:40:30.524104
0.0005919,0.0005919,0.000591,0.000591,1514568780,0.0,0.0,1,JordanManual,CCCAGG,LEA,2017-12-30 17:40:30.524104
0.0005901,0.000592,0.0005901,0.000592,1514568960,0.0,0.0,1,JordanManual,CCCAGG,LEA,2017-12-30 17:40:30.524104
0.00059,0.0005902,0.0005899,0.0005899,1514569140,0.0,0.0,1,JordanManual,CCCAGG,LEA,2017-12-30 17:40:30.524104
0.0005899,0.0005906,0.0005899,0.0005902,1514569320,0.0,0.0,1,JordanManual,CCCAGG,LEA,2017-12-30 17:40:30.524104
0.0005872,0.0005898,0.0005872,0.0005898,1514569500,0.0,0.0,1,JordanManual,CCCAGG,LEA,2017-12-30 17:40:30.524104
0.0005841,0.0005868,0.0005841,0.0005868,1514569680,0.0,0.0,1,JordanManual,CCCAGG,LEA,2017-12-30 17:40:30.524104
0.0005843,0.0005843,0.0005832,0.0005832,1514569860,0.0,0.0,1,JordanManual,CCCAGG,LEA,2017-12-30 17:40:30.524104
0.0005841,0.0005846,0.000584,0.0005846,1514570040,0.0,0.0,1,JordanManual,CCCAGG,LEA,2017-12-30 17:40:30.524104
0.0005838,0.0005847,0.0005838,0.0005847,1514570220,0.0,0.0,1,JordanManual,CCCAGG,LEA,2017-12-30 17:40:30.524104
0.0005845,0.0005845,0.0005845,0.0005845,1514570400,0.0,0.0,1,JordanManual,CCCAGG,LEA,2017-12-30 17:40:30.524104
0.0005832,0.0005843,0.0005832,0.0005843,1514570580,0.0,0.0,1,JordanManual,CCCAGG,LEA,2017-12-30 17:40:30.524104
0.000583,0.0005836,0.0005827,0.0005836,1514570760,3158.65,1.84,1,JordanManual,CCCAGG,LEA,2017-12-30 17:40:30.524104
0.0005803,0.0005821,0.0005803,0.0005821,1514570940,3400.0,1.97,1,JordanManual,CCCAGG,LEA,2017-12-30 17:40:30.524104
0.0005804,0.0005807,0.0005804,0.0005805,1514571120,0.0,0.0,1,JordanManual,CCCAGG,LEA,2017-12-30 17:40:30.524104
0.0005822,0.0005822,0.0005806,0.0005806,1514571300,0.0,0.0,1,JordanManual,CCCAGG,LEA,2017-12-30 17:40:30.524104
0.0005824,0.000583,0.0005824,0.0005824,1514571480,0.0,0.0,1,JordanManual,CCCAGG,LEA,2017-12-30 17:40:30.524104
0.0005817,0.0005825,0.0005817,0.0005825,1514571660,0.0,0.0,1,JordanManual,CCCAGG,LEA,2017-12-30 17:40:30.524104
0.0005827,0.0005827,0.0005808,0.0005808,1514571840,0.0,0.0,1,JordanManual,CCCAGG,LEA,2017-12-30 17:40:30.524104
0.0005817,0.0005824,0.0005817,0.0005824,1514572020,0.0,0.0,1,JordanManual,CCCAGG,LEA,2017-12-30 17:40:30.524104
0.0005819,0.0005819,0.0005812,0.0005819,1514572200,0.0,0.0,1,JordanManual,CCCAGG,LEA,2017-12-30 17:40:30.524104
0.0005821,0.0005821,0.0005815,0.0005818,1514572380,0.0,0.0,1,JordanManual,CCCAGG,LEA,2017-12-30 17:40:30.524104
0.0005832,0.0005832,0.0005825,0.0005825,1514572560,0.0,0.0,1,JordanManual,CCCAGG,LEA,2017-12-30 17:40:30.524104
0.0005838,0.0005839,0.0005834,0.0005834,1514572740,0.0,0.0,1,JordanManual,CCCAGG,LEA,2017-12-30 17:40:30.524104
0.0005824,0.0005833,0.0005824,0.0005833,1514572920,0.0,0.0,1,JordanManual,CCCAGG,LEA,2017-12-30 17:40:30.524104
0.0005811,0.0005821,0.0005811,0.0005821,1514573100,0.0,0.0,1,JordanManual,CCCAGG,LEA,2017-12-30 17:40:30.524104
0.0005815,0.0005815,0.0005812,0.0005812,1514573280,0.0,0.0,1,JordanManual,CCCAGG,LEA,2017-12-30 17:40:30.524104
0.0005826,0.0005826,0.0005822,0.0005823,1514573460,5400.0,3.14,1,JordanManual,CCCAGG,LEA,2017-12-30 17:40:30.524104
0.0005837,0.0005837,0.0005828,0.0005828,1514573640,0.0,0.0,1,JordanManual,CCCAGG,LEA,2017-12-30 17:40:30.524104
0.000581,0.0005836,0.000581,0.0005836,1514573820,0.0,0.0,1,JordanManual,CCCAGG,LEA,2017-12-30 17:40:30.524104
0.0005805,0.0005816,0.0005805,0.0005816,1514574000,0.0,0.0,1,JordanManual,CCCAGG,LEA,2017-12-30 17:40:30.524104
0.0005789,0.0005798,0.0005789,0.0005798,1514574180,0.0,0.0,1,JordanManual,CCCAGG,LEA,2017-12-30 17:40:30.524104
0.0005805,0.0005805,0.0005797,0.0005797,1514574360,0.0,0.0,1,JordanManual,CCCAGG,LEA,2017-12-30 17:40:30.524104
0.0005801,0.0005804,0.0005797,0.0005804,1514574540,0.0,0.0,1,JordanManual,CCCAGG,LEA,2017-12-30 17:40:30.524104
0.0005782,0.0005798,0.0005782,0.0005798,1514574720,0.0,0.0,1,JordanManual,CCCAGG,LEA,2017-12-30 17:40:30.524104
0.0005797,0.0005804,0.0005796,0.0005796,1514574900,0.0,0.0,1,JordanManual,CCCAGG,LEA,2017-12-30 17:40:30.524104
0.0005808,0.0005812,0.0005807,0.0005807,1514575080,0.0,0.0,1,JordanManual,CCCAGG,LEA,2017-12-30 17:40:30.524104
0.0005809,0.0005809,0.0005802,0.0005802,1514575260,0.0,0.0,1,JordanManual,CCCAGG,LEA,2017-12-30 17:40:30.524104
0.000581,0.000581,0.000581,0.000581,1514575440,0.0,0.0,1,JordanManual,CCCAGG,LEA,2017-12-30 17:40:30.524104
0.0005814,0.0005814,0.0005807,0.0005808,1514575620,0.0,0.0,1,JordanManual,CCCAGG,LEA,2017-12-30 17:40:30.524104
0.0005824,0.0005824,0.0005817,0.0005817,1514575800,3400.0,1.98,1,JordanManual,CCCAGG,LEA,2017-12-30 17:40:30.524104
0.0005835,0.0005835,0.0005819,0.0005819,1514575980,0.0,0.0,1,JordanManual,CCCAGG,LEA,2017-12-30 17:40:30.524104
0.0005839,0.0005843,0.0005839,0.0005841,1514576160,0.0,0.0,1,JordanManual,CCCAGG,LEA,2017-12-30 17:40:30.524104
0.0005837,0.0005841,0.0005833,0.0005841,1514576340,0.0,0.0,1,JordanManual,CCCAGG,LEA,2017-12-30 17:40:30.524104
0.0005832,0.0005838,0.0005832,0.0005838,1514576520,0.0,0.0,1,JordanManual,CCCAGG,LEA,2017-12-30 17:40:30.524104
0.0005834,0.0005837,0.0005833,0.0005833,1514576700,0.0,0.0,1,JordanManual,CCCAGG,LEA,2017-12-30 17:40:30.524104
0.0005842,0.0005842,0.0005836,0.0005836,1514576880,3631.33,2.12,1,JordanManual,CCCAGG,LEA,2017-12-30 17:40:30.524104
0.0005863,0.0005863,0.0005843,0.0005843,1514577060,0.0,0.0,1,JordanManual,CCCAGG,LEA,2017-12-30 17:40:30.524104
0.0005857,0.0005862,0.0005857,0.0005862,1514577240,0.0,0.0,1,JordanManual,CCCAGG,LEA,2017-12-30 17:40:30.524104
0.0005861,0.0005861,0.000586,0.000586,1514577420,0.0,0.0,1,JordanManual,CCCAGG,LEA,2017-12-30 17:40:30.524104
0.0005847,0.0005866,0.0005847,0.0005866,1514577600,0.0,0.0,1,JordanManual,CCCAGG,LEA,2017-12-30 17:40:30.524104
0.0005848,0.0005848,0.0005848,0.0005848,1514577780,0.0,0.0,1,JordanManual,CCCAGG,LEA,2017-12-30 17:40:30.524104
0.0005845,0.0005845,0.0005844,0.0005845,1514577960,0.0,0.0,1,JordanManual,CCCAGG,LEA,2017-12-30 17:40:30.524104
0.000584,0.0005847,0.000584,0.0005847,1514578140,0.0,0.0,1,JordanManual,CCCAGG,LEA,2017-12-30 17:40:30.524104
0.0005829,0.0005835,0.0005829,0.0005835,1514578320,0.0,0.0,1,JordanManual,CCCAGG,LEA,2017-12-30 17:40:30.524104
0.0005811,0.0005816,0.0005811,0.0005816,1514578500,0.0,0.0,1,JordanManual,CCCAGG,LEA,2017-12-30 17:40:30.524104
0.0005815,0.0005815,0.0005805,0.0005814,1514578680,0.0,0.0,1,JordanManual,CCCAGG,LEA,2017-12-30 17:40:30.524104
0.0005812,0.0005812,0.0005803,0.000581,1514578860,0.0,0.0,1,JordanManual,CCCAGG,LEA,2017-12-30 17:40:30.524104
0.0005807,0.0005808,0.0005804,0.0005808,1514579040,0.0,0.0,1,JordanManual,CCCAGG,LEA,2017-12-30 17:40:30.524104
0.0005805,0.0005806,0.0005805,0.0005806,1514579220,0.0,0.0,1,JordanManual,CCCAGG,LEA,2017-12-30 17:40:30.524104
0.0005805,0.0005806,0.0005803,0.0005806,1514579400,3200.0,1.86,1,JordanManual,CCCAGG,LEA,2017-12-30 17:40:30.524104
0.000575,0.0005797,0.000575,0.0005797,1514579580,0.0,0.0,1,JordanManual,CCCAGG,LEA,2017-12-30 17:40:30.524104
0.0005779,0.0005779,0.0005747,0.0005747,1514579760,0.0,0.0,1,JordanManual,CCCAGG,LEA,2017-12-30 17:40:30.524104
0.0005794,0.0005794,0.0005783,0.0005783,1514579940,0.0,0.0,1,JordanManual,CCCAGG,LEA,2017-12-30 17:40:30.524104
0.0005774,0.0005778,0.0005772,0.0005778,1514580120,0.0,0.0,1,JordanManual,CCCAGG,LEA,2017-12-30 17:40:30.524104
0.0005756,0.000577,0.0005756,0.0005765,1514580300,0.0,0.0,1,JordanManual,CCCAGG,LEA,2017-12-30 17:40:30.524104
0.0005742,0.0005746,0.0005741,0.0005746,1514580480,0.0,0.0,1,JordanManual,CCCAGG,LEA,2017-12-30 17:40:30.524104
0.0005753,0.0005754,0.0005745,0.0005745,1514580660,0.0,0.0,1,JordanManual,CCCAGG,LEA,2017-12-30 17:40:30.524104
0.0005744,0.0005757,0.0005744,0.0005757,1514580840,0.0,0.0,1,JordanManual,CCCAGG,LEA,2017-12-30 17:40:30.524104
0.0005741,0.0005747,0.0005741,0.0005747,1514581020,2600.0,1.49,1,JordanManual,CCCAGG,LEA,2017-12-30 17:40:30.524104
0.0005751,0.0005751,0.0005739,0.0005739,1514581200,0.0,0.0,1,JordanManual,CCCAGG,LEA,2017-12-30 17:40:30.524104
0.0005769,0.0005769,0.0005764,0.0005764,1514581380,2600.0,1.5,1,JordanManual,CCCAGG,LEA,2017-12-30 17:40:30.524104
0.0005778,0.0005782,0.0005765,0.0005765,1514581560,0.0,0.0,1,JordanManual,CCCAGG,LEA,2017-12-30 17:40:30.524104
0.000577,0.000578,0.000577,0.0005779,1514581740,3600.0,2.08,1,JordanManual,CCCAGG,LEA,2017-12-30 17:40:30.524104
0.0005763,0.0005772,0.0005763,0.0005772,1514581920,0.0,0.0,1,JordanManual,CCCAGG,LEA,2017-12-30 17:40:30.524104
0.0005734,0.0005742,0.0005734,0.0005742,1514582100,0.0,0.0,1,JordanManual,CCCAGG,LEA,2017-12-30 17:40:30.524104
0.0005748,0.0005748,0.0005739,0.0005739,1514582280,0.0,0.0,1,JordanManual,CCCAGG,LEA,2017-12-30 17:40:30.524104
0.0005752,0.0005759,0.0005752,0.0005759,1514582460,0.0,0.0,1,JordanManual,CCCAGG,LEA,2017-12-30 17:40:30.524104
0.000573,0.0005744,0.0005729,0.0005744,1514582640,0.0,0.0,1,JordanManual,CCCAGG,LEA,2017-12-30 17:40:30.524104
0.0005694,0.0005727,0.0005694,0.0005724,1514582820,0.0,0.0,1,JordanManual,CCCAGG,LEA,2017-12-30 17:40:30.524104
0.0005702,0.0005709,0.0005702,0.0005709,1514583000,0.0,0.0,1,JordanManual,CCCAGG,LEA,2017-12-30 17:40:30.524104
0.0005714,0.0005715,0.0005714,0.0005714,1514583180,0.0,0.0,1,JordanManual,CCCAGG,LEA,2017-12-30 17:40:30.524104
0.0005714,0.0005714,0.0005707,0.0005713,1514583360,0.0,0.0,1,JordanManual,CCCAGG,LEA,2017-12-30 17:40:30.524104
0.0005702,0.0005713,0.0005702,0.0005713,1514583540,0.0,0.0,1,JordanManual,CCCAGG,LEA,2017-12-30 17:40:30.524104
0.0005691,0.0005699,0.0005691,0.0005699,1514583720,0.0,0.0,1,JordanManual,CCCAGG,LEA,2017-12-30 17:40:30.524104
0.0005694,0.0005702,0.000569,0.000569,1514583900,0.0,0.0,1,JordanManual,CCCAGG,LEA,2017-12-30 17:40:30.524104
0.0005692,0.00057,0.0005692,0.00057,1514584080,0.0,0.0,1,JordanManual,CCCAGG,LEA,2017-12-30 17:40:30.524104
0.0005698,0.0005705,0.0005698,0.0005705,1514584260,3200.0,1.83,1,JordanManual,CCCAGG,LEA,2017-12-30 17:40:30.524104
0.0005711,0.0005711,0.0005707,0.0005707,1514584440,0.0,0.0,1,JordanManual,CCCAGG,LEA,2017-12-30 17:40:30.524104
0.0005712,0.0005712,0.0005706,0.0005708,1514584620,0.0,0.0,1,JordanManual,CCCAGG,LEA,2017-12-30 17:40:30.524104
0.0005706,0.0005707,0.0005705,0.0005705,1514584800,0.0,0.0,1,JordanManual,CCCAGG,LEA,2017-12-30 17:40:30.524104
0.0005702,0.0005707,0.0005702,0.0005707,1514584980,2959.67,1.69,1,JordanManual,CCCAGG,LEA,2017-12-30 17:40:30.524104
0.0005699,0.0005701,0.0005699,0.0005699,1514585160,0.0,0.0,1,JordanManual,CCCAGG,LEA,2017-12-30 17:40:30.524104
0.0005729,0.0005729,0.0005707,0.0005707,1514585340,0.0,0.0,1,JordanManual,CCCAGG,LEA,2017-12-30 17:40:30.524104
0.0005738,0.0005738,0.0005732,0.0005734,1514585520,0.0,0.0,1,JordanManual,CCCAGG,LEA,2017-12-30 17:40:30.524104
0.0005733,0.0005736,0.0005731,0.0005736,1514585700,0.0,0.0,1,JordanManual,CCCAGG,LEA,2017-12-30 17:40:30.524104
0.0005737,0.0005737,0.0005727,0.0005727,1514585880,0.0,0.0,1,JordanManual,CCCAGG,LEA,2017-12-30 17:40:30.524104
0.0005741,0.0005741,0.0005733,0.0005733,1514586060,0.0,0.0,1,JordanManual,CCCAGG,LEA,2017-12-30 17:40:30.524104
0.0005749,0.0005749,0.0005744,0.0005744,1514586240,0.0,0.0,1,JordanManual,CCCAGG,LEA,2017-12-30 17:40:30.524104
0.0005751,0.0005752,0.000575,0.000575,1514586420,0.0,0.0,1,JordanManual,CCCAGG,LEA,2017-12-30 17:40:30.524104
0.0005747,0.0005747,0.0005745,0.0005747,1514586600,0.0,0.0,1,JordanManual,CCCAGG,LEA,2017-12-30 17:40:30.524104
0.0005745,0.0005746,0.0005743,0.0005746,1514586780,0.0,0.0,1,JordanManual,CCCAGG,LEA,2017-12-30 17:40:30.524104
0.0005746,0.0005746,0.0005742,0.0005745,1514586960,0.0,0.0,1,JordanManual,CCCAGG,LEA,2017-12-30 17:40:30.524104
0.0005749,0.000575,0.0005749,0.000575,1514587140,0.0,0.0,1,JordanManual,CCCAGG,LEA,2017-12-30 17:40:30.524104
0.0005759,0.0005759,0.0005753,0.0005753,1514587320,0.0,0.0,1,JordanManual,CCCAGG,LEA,2017-12-30 17:40:30.524104
0.0005756,0.0005759,0.0005753,0.0005759,1514587500,0.0,0.0,1,JordanManual,CCCAGG,LEA,2017-12-30 17:40:30.524104
0.0005754,0.0005754,0.0005751,0.0005753,1514587680,0.0,0.0,1,JordanManual,CCCAGG,LEA,2017-12-30 17:40:30.524104
0.0005763,0.0005763,0.0005756,0.0005756,1514587860,3600.0,2.07,1,JordanManual,CCCAGG,LEA,2017-12-30 17:40:30.524104
0.000577,0.000577,0.0005766,0.0005766,1514588040,0.0,0.0,1,JordanManual,CCCAGG,LEA,2017-12-30 17:40:30.524104
0.0005788,0.0005788,0.0005777,0.0005777,1514588220,0.0,0.0,1,JordanManual,CCCAGG,LEA,2017-12-30 17:40:30.524104
0.0005786,0.0005789,0.0005786,0.0005788,1514588400,0.0,0.0,1,JordanManual,CCCAGG,LEA,2017-12-30 17:40:30.524104
0.0005786,0.0005786,0.0005781,0.0005781,1514588580,9630.25,5.57,1,JordanManual,CCCAGG,LEA,2017-12-30 17:40:30.524104
0.0005796,0.0005796,0.0005786,0.0005786,1514588760,0.0,0.0,1,JordanManual,CCCAGG,LEA,2017-12-30 17:40:30.524104
0.0005798,0.0005798,0.0005794,0.0005794,1514588940,0.0,0.0,1,JordanManual,CCCAGG,LEA,2017-12-30 17:40:30.524104
0.0005837,0.0005837,0.0005809,0.0005809,1514589120,0.0,0.0,1,JordanManual,CCCAGG,LEA,2017-12-30 17:40:30.524104
0.0005839,0.0005839,0.0005831,0.0005832,1514589300,0.0,0.0,1,JordanManual,CCCAGG,LEA,2017-12-30 17:40:30.524104
0.0005849,0.0005849,0.0005835,0.0005835,1514589480,0.0,0.0,1,JordanManual,CCCAGG,LEA,2017-12-30 17:40:30.524104
0.0005836,0.0005844,0.0005831,0.0005844,1514589660,0.0,0.0,1,JordanManual,CCCAGG,LEA,2017-12-30 17:40:30.524104
0.0005849,0.0005849,0.0005838,0.0005838,1514589840,0.0,0.0,1,JordanManual,CCCAGG,LEA,2017-12-30 17:40:30.524104
0.0005832,0.0005846,0.0005832,0.0005846,1514590020,0.0,0.0,1,JordanManual,CCCAGG,LEA,2017-12-30 17:40:30.524104
0.0005834,0.0005835,0.0005833,0.0005833,1514590200,3400.0,1.98,1,JordanManual,CCCAGG,LEA,2017-12-30 17:40:30.524104
0.0005811,0.000583,0.0005811,0.000583,1514590380,0.0,0.0,1,JordanManual,CCCAGG,LEA,2017-12-30 17:40:30.524104
0.0005799,0.0005807,0.0005799,0.0005807,1514590560,0.0,0.0,1,JordanManual,CCCAGG,LEA,2017-12-30 17:40:30.524104
0.0005797,0.0005797,0.0005792,0.0005794,1514590740,0.0,0.0,1,JordanManual,CCCAGG,LEA,2017-12-30 17:40:30.524104
0.0005797,0.0005804,0.0005793,0.0005793,1514590920,0.0,0.0,1,JordanManual,CCCAGG,LEA,2017-12-30 17:40:30.524104
0.0005785,0.0005792,0.0005781,0.0005792,1514591100,0.0,0.0,1,JordanManual,CCCAGG,LEA,2017-12-30 17:40:30.524104
0.0005771,0.0005776,0.0005771,0.0005776,1514591280,0.0,0.0,1,JordanManual,CCCAGG,LEA,2017-12-30 17:40:30.524104
0.0005773,0.0005777,0.000577,0.000577,1514591460,0.0,0.0,1,JordanManual,CCCAGG,LEA,2017-12-30 17:40:30.524104
0.000577,0.0005772,0.0005768,0.0005768,1514591640,0.0,0.0,1,JordanManual,CCCAGG,LEA,2017-12-30 17:40:30.524104
0.0005757,0.0005763,0.0005757,0.0005763,1514591820,0.0,0.0,1,JordanManual,CCCAGG,LEA,2017-12-30 17:40:30.524104
0.0005749,0.0005749,0.0005739,0.0005745,1514592000,3113.11,1.79,1,JordanManual,CCCAGG,LEA,2017-12-30 17:40:30.524104
0.0005729,0.0005741,0.0005729,0.0005741,1514592180,0.0,0.0,1,JordanManual,CCCAGG,LEA,2017-12-30 17:40:30.524104
0.0005746,0.0005746,0.0005745,0.0005745,1514592360,0.0,0.0,1,JordanManual,CCCAGG,LEA,2017-12-30 17:40:30.524104
0.0005769,0.0005769,0.0005752,0.0005752,1514592540,0.0,0.0,1,JordanManual,CCCAGG,LEA,2017-12-30 17:40:30.524104
0.0005777,0.0005777,0.0005767,0.0005767,1514592720,0.0,0.0,1,JordanManual,CCCAGG,LEA,2017-12-30 17:40:30.524104
0.0005757,0.0005776,0.0005757,0.0005776,1514592900,0.0,0.0,1,JordanManual,CCCAGG,LEA,2017-12-30 17:40:30.524104
0.0005737,0.0005751,0.0005737,0.0005751,1514593080,0.0,0.0,1,JordanManual,CCCAGG,LEA,2017-12-30 17:40:30.524104
0.0005742,0.0005742,0.0005737,0.0005737,1514593260,0.0,0.0,1,JordanManual,CCCAGG,LEA,2017-12-30 17:40:30.524104
0.0005728,0.000574,0.0005728,0.000574,1514593440,0.0,0.0,1,JordanManual,CCCAGG,LEA,2017-12-30 17:40:30.524104
0.0005708,0.0005715,0.0005707,0.0005715,1514593620,0.0,0.0,1,JordanManual,CCCAGG,LEA,2017-12-30 17:40:30.524104
0.000565,0.0005698,0.000565,0.0005698,1514593800,0.0,0.0,1,JordanManual,CCCAGG,LEA,2017-12-30 17:40:30.524104
0.0005672,0.0005672,0.0005656,0.0005656,1514593980,0.0,0.0,1,JordanManual,CCCAGG,LEA,2017-12-30 17:40:30.524104
0.0005663,0.0005677,0.0005663,0.0005668,1514594160,0.0,0.0,1,JordanManual,CCCAGG,LEA,2017-12-30 17:40:30.524104
0.0005673,0.0005678,0.0005664,0.0005664,1514594340,20397.98,11.58,1,JordanManual,CCCAGG,LEA,2017-12-30 17:40:30.524104
0.0005648,0.0005664,0.0005648,0.0005664,1514594520,0.0,0.0,1,JordanManual,CCCAGG,LEA,2017-12-30 17:40:30.524104
0.0005665,0.0005665,0.0005658,0.0005658,1514594700,0.0,0.0,1,JordanManual,CCCAGG,LEA,2017-12-30 17:40:30.524104
0.0005658,0.0005661,0.0005658,0.0005661,1514594880,0.0,0.0,1,JordanManual,CCCAGG,LEA,2017-12-30 17:40:30.524104
0.0005669,0.0005669,0.000565,0.000565,1514595060,0.0,0.0,1,JordanManual,CCCAGG,LEA,2017-12-30 17:40:30.524104
0.0005699,0.0005699,0.0005688,0.0005688,1514595240,0.0,0.0,1,JordanManual,CCCAGG,LEA,2017-12-30 17:40:30.524104
0.0005722,0.0005722,0.000571,0.000571,1514595420,0.0,0.0,1,JordanManual,CCCAGG,LEA,2017-12-30 17:40:30.524104
0.0005728,0.0005728,0.0005722,0.0005722,1514595600,0.0,0.0,1,JordanManual,CCCAGG,LEA,2017-12-30 17:40:30.524104
0.0005741,0.0005741,0.0005731,0.0005731,1514595780,0.0,0.0,1,JordanManual,CCCAGG,LEA,2017-12-30 17:40:30.524104
0.0005711,0.0005736,0.0005711,0.0005736,1514595960,4000.0,2.28,1,JordanManual,CCCAGG,LEA,2017-12-30 17:40:30.524104
0.0005693,0.0005707,0.0005693,0.0005707,1514596140,0.0,0.0,1,JordanManual,CCCAGG,LEA,2017-12-30 17:40:30.524104
0.0005697,0.0005704,0.000569,0.000569,1514596320,2800.0,1.59,1,JordanManual,CCCAGG,LEA,2017-12-30 17:40:30.524104
0.0005715,0.0005715,0.0005698,0.0005698,1514596500,0.0,0.0,1,JordanManual,CCCAGG,LEA,2017-12-30 17:40:30.524104
0.0005696,0.000572,0.0005696,0.000572,1514596680,0.0,0.0,1,JordanManual,CCCAGG,LEA,2017-12-30 17:40:30.524104
0.0005694,0.0005699,0.0005694,0.0005699,1514596860,8500.0,4.84,1,JordanManual,CCCAGG,LEA,2017-12-30 17:40:30.524104
0.0005691,0.0005693,0.0005685,0.0005693,1514597040,0.0,0.0,1,JordanManual,CCCAGG,LEA,2017-12-30 17:40:30.524104
0.0005679,0.0005689,0.0005677,0.0005689,1514597220,0.0,0.0,1,JordanManual,CCCAGG,LEA,2017-12-30 17:40:30.524104
0.0005692,0.0005692,0.0005684,0.0005688,1514597400,0.0,0.0,1,JordanManual,CCCAGG,LEA,2017-12-30 17:40:30.524104
0.0005713,0.0005713,0.0005699,0.0005699,1514597580,0.0,0.0,1,JordanManual,CCCAGG,LEA,2017-12-30 17:40:30.524104
0.0005696,0.0005716,0.0005696,0.0005716,1514597760,0.0,0.0,1,JordanManual,CCCAGG,LEA,2017-12-30 17:40:30.524104
0.0005689,0.0005694,0.0005689,0.000569,1514597940,0.0,0.0,1,JordanManual,CCCAGG,LEA,2017-12-30 17:40:30.524104
0.0005705,0.0005705,0.0005692,0.0005692,1514598120,0.0,0.0,1,JordanManual,CCCAGG,LEA,2017-12-30 17:40:30.524104
0.0005666,0.0005688,0.0005666,0.0005688,1514598300,0.0,0.0,1,JordanManual,CCCAGG,LEA,2017-12-30 17:40:30.524104
0.0005614,0.0005648,0.0005614,0.0005648,1514598480,0.0,0.0,1,JordanManual,CCCAGG,LEA,2017-12-30 17:40:30.524104
0.0005588,0.0005612,0.0005588,0.0005611,1514598660,0.0,0.0,1,JordanManual,CCCAGG,LEA,2017-12-30 17:40:30.524104
0.0005484,0.0005528,0.0005484,0.0005528,1514598840,0.0,0.0,1,JordanManual,CCCAGG,LEA,2017-12-30 17:40:30.524104
0.0005506,0.0005523,0.0005484,0.0005484,1514599020,0.0,0.0,1,JordanManual,CCCAGG,LEA,2017-12-30 17:40:30.524104
0.0005503,0.0005503,0.0005472,0.0005489,1514599200,0.0,0.0,1,JordanManual,CCCAGG,LEA,2017-12-30 17:40:30.524104
0.0005483,0.0005499,0.0005483,0.0005483,1514599380,0.0,0.0,1,JordanManual,CCCAGG,LEA,2017-12-30 17:40:30.524104
0.0005443,0.0005488,0.0005443,0.0005488,1514599560,3000.0,1.65,1,JordanManual,CCCAGG,LEA,2017-12-30 17:40:30.524104
0.0005399,0.0005428,0.0005399,0.0005428,1514599740,0.0,0.0,1,JordanManual,CCCAGG,LEA,2017-12-30 17:40:30.524104
0.0005383,0.0005401,0.0005383,0.0005401,1514599920,0.0,0.0,1,JordanManual,CCCAGG,LEA,2017-12-30 17:40:30.524104
0.000535,0.0005363,0.000535,0.0005363,1514600100,0.0,0.0,1,JordanManual,CCCAGG,LEA,2017-12-30 17:40:30.524104
0.0005386,0.0005414,0.0005386,0.0005387,1514600280,0.0,0.0,1,JordanManual,CCCAGG,LEA,2017-12-30 17:40:30.524104
0.0005387,0.0005416,0.0005387,0.0005408,1514600460,0.0,0.0,1,JordanManual,CCCAGG,LEA,2017-12-30 17:40:30.524104
0.0005395,0.0005403,0.0005379,0.0005379,1514600640,0.0,0.0,1,JordanManual,CCCAGG,LEA,2017-12-30 17:40:30.524104
0.0005386,0.0005389,0.0005386,0.0005389,1514600820,0.0,0.0,1,JordanManual,CCCAGG,LEA,2017-12-30 17:40:30.524104
0.000529,0.0005365,0.000529,0.0005365,1514601000,2784.78,1.49,1,JordanManual,CCCAGG,LEA,2017-12-30 17:40:30.524104
0.0005337,0.0005337,0.0005317,0.0005317,1514601180,0.0,0.0,1,JordanManual,CCCAGG,LEA,2017-12-30 17:40:30.524104
0.0005307,0.0005321,0.0005285,0.0005321,1514601360,0.0,0.0,1,JordanManual,CCCAGG,LEA,2017-12-30 17:40:30.524104
0.0005337,0.0005337,0.0005297,0.0005297,1514601540,0.0,0.0,1,JordanManual,CCCAGG,LEA,2017-12-30 17:40:30.524104
0.0005323,0.0005341,0.0005321,0.0005341,1514601720,0.0,0.0,1,JordanManual,CCCAGG,LEA,2017-12-30 17:40:30.524104
0.0005376,0.0005376,0.0005338,0.0005338,1514601900,0.0,0.0,1,JordanManual,CCCAGG,LEA,2017-12-30 17:40:30.524104
0.0005359,0.0005371,0.0005359,0.0005371,1514602080,0.0,0.0,1,JordanManual,CCCAGG,LEA,2017-12-30 17:40:30.524104
0.0005364,0.0005371,0.0005353,0.0005353,1514602260,0.0,0.0,1,JordanManual,CCCAGG,LEA,2017-12-30 17:40:30.524104
0.0005366,0.0005366,0.0005349,0.0005349,1514602440,0.0,0.0,1,JordanManual,CCCAGG,LEA,2017-12-30 17:40:30.524104
0.0005382,0.0005392,0.0005382,0.0005383,1514602620,0.0,0.0,1,JordanManual,CCCAGG,LEA,2017-12-30 17:40:30.524104
0.0005367,0.0005384,0.0005367,0.0005384,1514602800,0.0,0.0,1,JordanManual,CCCAGG,LEA,2017-12-30 17:40:30.524104
0.0005334,0.0005365,0.0005334,0.0005365,1514602980,5600.0,2.99,1,JordanManual,CCCAGG,LEA,2017-12-30 17:40:30.524104
0.000534,0.000534,0.0005305,0.0005305,1514603160,0.0,0.0,1,JordanManual,CCCAGG,LEA,2017-12-30 17:40:30.524104
0.0005354,0.0005354,0.0005334,0.0005334,1514603340,0.0,0.0,1,JordanManual,CCCAGG,LEA,2017-12-30 17:40:30.524104
0.0005349,0.0005349,0.0005349,0.0005349,1514603520,0.0,0.0,1,JordanManual,CCCAGG,LEA,2017-12-30 17:40:30.524104
0.0005341,0.0005344,0.0005336,0.0005336,1514603700,0.0,0.0,1,JordanManual,CCCAGG,LEA,2017-12-30 17:40:30.524104
0.0005314,0.0005348,0.0005314,0.0005348,1514603880,0.0,0.0,1,JordanManual,CCCAGG,LEA,2017-12-30 17:40:30.524104
0.000533,0.000533,0.0005318,0.0005318,1514604060,0.0,0.0,1,JordanManual,CCCAGG,LEA,2017-12-30 17:40:30.524104
0.0005338,0.0005338,0.0005317,0.0005326,1514604240,0.0,0.0,1,JordanManual,CCCAGG,LEA,2017-12-30 17:40:30.524104
0.0005349,0.0005361,0.0005349,0.0005351,1514604420,0.0,0.0,1,JordanManual,CCCAGG,LEA,2017-12-30 17:40:30.524104
0.0005379,0.0005379,0.0005354,0.0005354,1514604600,0.0,0.0,1,JordanManual,CCCAGG,LEA,2017-12-30 17:40:30.524104
0.0005381,0.0005382,0.0005376,0.0005382,1514604780,0.0,0.0,1,JordanManual,CCCAGG,LEA,2017-12-30 17:40:30.524104
0.0005408,0.0005408,0.0005396,0.0005396,1514604960,0.0,0.0,1,JordanManual,CCCAGG,LEA,2017-12-30 17:40:30.524104
0.0005406,0.0005416,0.0005406,0.0005416,1514605140,0.0,0.0,1,JordanManual,CCCAGG,LEA,2017-12-30 17:40:30.524104
0.0005415,0.0005415,0.0005404,0.0005404,1514605320,0.0,0.0,1,JordanManual,CCCAGG,LEA,2017-12-30 17:40:30.524104
0.0005433,0.0005433,0.0005413,0.0005413,1514605500,0.0,0.0,1,JordanManual,CCCAGG,LEA,2017-12-30 17:40:30.524104
0.0005432,0.0005433,0.0005429,0.0005433,1514605680,0.0,0.0,1,JordanManual,CCCAGG,LEA,2017-12-30 17:40:30.524104
0.0005409,0.000543,0.0005409,0.000543,1514605860,0.0,0.0,1,JordanManual,CCCAGG,LEA,2017-12-30 17:40:30.524104
0.0005408,0.0005408,0.0005401,0.0005401,1514606040,0.0,0.0,1,JordanManual,CCCAGG,LEA,2017-12-30 17:40:30.524104
0.0005399,0.0005402,0.0005399,0.0005402,1514606220,0.0,0.0,1,JordanManual,CCCAGG,LEA,2017-12-30 17:40:30.524104
0.000539,0.0005403,0.000539,0.0005403,1514606400,3200.0,1.72,1,JordanManual,CCCAGG,LEA,2017-12-30 17:40:30.524104
0.000536,0.000536,0.0005355,0.000536,1514606580,0.0,0.0,1,JordanManual,CCCAGG,LEA,2017-12-30 17:40:30.524104
0.0005357,0.0005362,0.0005355,0.0005355,1514606760,0.0,0.0,1,JordanManual,CCCAGG,LEA,2017-12-30 17:40:30.524104
0.000536,0.0005361,0.000536,0.000536,1514606940,0.0,0.0,1,JordanManual,CCCAGG,LEA,2017-12-30 17:40:30.524104
0.0005354,0.0005354,0.0005352,0.0005352,1514607120,0.0,0.0,1,JordanManual,CCCAGG,LEA,2017-12-30 17:40:30.524104
0.0005371,0.0005371,0.000535,0.000535,1514607300,0.0,0.0,1,JordanManual,CCCAGG,LEA,2017-12-30 17:40:30.524104
0.0005368,0.0005372,0.0005368,0.000537,1514607480,0.0,0.0,1,JordanManual,CCCAGG,LEA,2017-12-30 17:40:30.524104
0.000537,0.0005375,0.000537,0.0005373,1514607660,0.0,0.0,1,JordanManual,CCCAGG,LEA,2017-12-30 17:40:30.524104
0.0005365,0.0005369,0.0005365,0.0005369,1514607840,0.0,0.0,1,JordanManual,CCCAGG,LEA,2017-12-30 17:40:30.524104
0.0005369,0.0005369,0.0005356,0.0005356,1514608020,0.0,0.0,1,JordanManual,CCCAGG,LEA,2017-12-30 17:40:30.524104
0.0005397,0.0005397,0.0005378,0.0005378,1514608200,0.0,0.0,1,JordanManual,CCCAGG,LEA,2017-12-30 17:40:30.524104
0.000541,0.0005414,0.000541,0.000541,1514608380,0.0,0.0,1,JordanManual,CCCAGG,LEA,2017-12-30 17:40:30.524104
0.0005399,0.0005409,0.0005399,0.0005409,1514608560,0.0,0.0,1,JordanManual,CCCAGG,LEA,2017-12-30 17:40:30.524104
0.0005405,0.0005405,0.0005395,0.0005395,1514608740,0.0,0.0,1,JordanManual,CCCAGG,LEA,2017-12-30 17:40:30.524104
0.0005411,0.0005412,0.000541,0.0005412,1514608920,0.0,0.0,1,JordanManual,CCCAGG,LEA,2017-12-30 17:40:30.524104
0.0005393,0.0005404,0.0005393,0.0005404,1514609100,0.0,0.0,1,JordanManual,CCCAGG,LEA,2017-12-30 17:40:30.524104
0.0005329,0.000538,0.0005329,0.000538,1514609280,0.0,0.0,1,JordanManual,CCCAGG,LEA,2017-12-30 17:40:30.524104
0.0005295,0.0005295,0.0005286,0.0005286,1514609460,0.0,0.0,1,JordanManual,CCCAGG,LEA,2017-12-30 17:40:30.524104
0.0005267,0.0005276,0.0005266,0.0005276,1514609640,0.0,0.0,1,JordanManual,CCCAGG,LEA,2017-12-30 17:40:30.524104
0.0005218,0.0005271,0.0005218,0.0005271,1514609820,0.0,0.0,1,JordanManual,CCCAGG,LEA,2017-12-30 17:40:30.524104
0.000525,0.0005255,0.0005237,0.0005237,1514610000,0.0,0.0,1,JordanManual,CCCAGG,LEA,2017-12-30 17:40:30.524104
0.0005282,0.0005282,0.0005263,0.0005263,1514610180,0.0,0.0,1,JordanManual,CCCAGG,LEA,2017-12-30 17:40:30.524104
0.0005284,0.0005287,0.0005276,0.0005276,1514610360,0.0,0.0,1,JordanManual,CCCAGG,LEA,2017-12-30 17:40:30.524104
0.0005309,0.000531,0.0005289,0.0005289,1514610540,0.0,0.0,1,JordanManual,CCCAGG,LEA,2017-12-30 17:40:30.524104
0.0005309,0.0005309,0.0005306,0.0005306,1514610720,0.0,0.0,1,JordanManual,CCCAGG,LEA,2017-12-30 17:40:30.524104
0.0005296,0.0005305,0.0005296,0.0005305,1514610900,0.0,0.0,1,JordanManual,CCCAGG,LEA,2017-12-30 17:40:30.524104
0.0005312,0.0005312,0.0005297,0.0005297,1514611080,0.0,0.0,1,JordanManual,CCCAGG,LEA,2017-12-30 17:40:30.524104
0.0005333,0.0005339,0.0005323,0.0005323,1514611260,0.0,0.0,1,JordanManual,CCCAGG,LEA,2017-12-30 17:40:30.524104
0.0005309,0.0005335,0.0005309,0.0005335,1514611440,0.0,0.0,1,JordanManual,CCCAGG,LEA,2017-12-30 17:40:30.524104
0.0005316,0.0005316,0.0005311,0.0005311,1514611620,0.0,0.0,1,JordanManual,CCCAGG,LEA,2017-12-30 17:40:30.524104
0.0005319,0.0005319,0.0005307,0.0005307,1514611800,0.0,0.0,1,JordanManual,CCCAGG,LEA,2017-12-30 17:40:30.524104
0.0005331,0.0005331,0.0005323,0.0005323,1514611980,0.0,0.0,1,JordanManual,CCCAGG,LEA,2017-12-30 17:40:30.524104
0.0005338,0.0005338,0.0005333,0.0005338,1514612160,0.0,0.0,1,JordanManual,CCCAGG,LEA,2017-12-30 17:40:30.524104
0.0005341,0.0005341,0.0005336,0.0005336,1514612340,0.0,0.0,1,JordanManual,CCCAGG,LEA,2017-12-30 17:40:30.524104
0.000532,0.0005329,0.0005319,0.0005329,1514612520,0.0,0.0,1,JordanManual,CCCAGG,LEA,2017-12-30 17:40:30.524104
0.0005332,0.0005332,0.0005318,0.0005318,1514612700,0.0,0.0,1,JordanManual,CCCAGG,LEA,2017-12-30 17:40:30.524104
0.0005361,0.0005361,0.0005339,0.0005339,1514612880,0.0,0.0,1,JordanManual,CCCAGG,LEA,2017-12-30 17:40:30.524104
0.0005382,0.0005382,0.000536,0.000536,1514613060,0.0,0.0,1,JordanManual,CCCAGG,LEA,2017-12-30 17:40:30.524104
0.0005375,0.0005375,0.0005373,0.0005375,1514613240,0.0,0.0,1,JordanManual,CCCAGG,LEA,2017-12-30 17:40:30.524104
0.0005384,0.0005384,0.000538,0.000538,1514613420,0.0,0.0,1,JordanManual,CCCAGG,LEA,2017-12-30 17:40:30.524104
0.0005395,0.0005397,0.0005395,0.0005395,1514613600,0.0,0.0,1,JordanManual,CCCAGG,LEA,2017-12-30 17:40:30.524104
0.0005391,0.0005404,0.0005391,0.0005401,1514613780,0.0,0.0,1,JordanManual,CCCAGG,LEA,2017-12-30 17:40:30.524104
0.0005384,0.000539,0.0005382,0.0005382,1514613960,0.0,0.0,1,JordanManual,CCCAGG,LEA,2017-12-30 17:40:30.524104
0.0005397,0.0005397,0.000539,0.000539,1514614140,0.0,0.0,1,JordanManual,CCCAGG,LEA,2017-12-30 17:40:30.524104
0.0005405,0.0005405,0.0005398,0.0005398,1514614320,0.0,0.0,1,JordanManual,CCCAGG,LEA,2017-12-30 17:40:30.524104
0.0005393,0.0005399,0.0005393,0.0005398,1514614500,0.0,0.0,1,JordanManual,CCCAGG,LEA,2017-12-30 17:40:30.524104
0.0005391,0.0005391,0.0005388,0.0005389,1514614680,0.0,0.0,1,JordanManual,CCCAGG,LEA,2017-12-30 17:40:30.524104
0.0005403,0.0005403,0.0005399,0.0005399,1514614860,0.0,0.0,1,JordanManual,CCCAGG,LEA,2017-12-30 17:40:30.524104
0.0005414,0.0005414,0.0005399,0.00054,1514615040,0.0,0.0,1,JordanManual,CCCAGG,LEA,2017-12-30 17:40:30.524104
0.0005424,0.0005424,0.0005416,0.000542,1514615220,0.0,0.0,1,JordanManual,CCCAGG,LEA,2017-12-30 17:40:30.524104
0.0005411,0.0005412,0.0005411,0.0005411,1514615400,0.0,0.0,1,JordanManual,CCCAGG,LEA,2017-12-30 17:40:30.524104
0.0005413,0.0005413,0.0005413,0.0005413,1514615580,0.0,0.0,1,JordanManual,CCCAGG,LEA,2017-12-30 17:40:30.524104
0.0005418,0.0005418,0.0005412,0.0005412,1514615760,0.0,0.0,1,JordanManual,CCCAGG,LEA,2017-12-30 17:40:30.524104
0.0005418,0.000542,0.0005418,0.000542,1514615940,0.0,0.0,1,JordanManual,CCCAGG,LEA,2017-12-30 17:40:30.524104
0.0005409,0.0005422,0.0005409,0.0005422,1514616120,0.0,0.0,1,JordanManual,CCCAGG,LEA,2017-12-30 17:40:30.524104
0.0005406,0.0005411,0.0005406,0.0005408,1514616300,0.0,0.0,1,JordanManual,CCCAGG,LEA,2017-12-30 17:40:30.524104
0.000538,0.0005394,0.0005376,0.0005394,1514616480,0.0,0.0,1,JordanManual,CCCAGG,LEA,2017-12-30 17:40:30.524104
0.0005371,0.0005378,0.0005371,0.0005373,1514616660,0.0,0.0,1,JordanManual,CCCAGG,LEA,2017-12-30 17:40:30.524104
0.0005365,0.0005365,0.0005355,0.0005363,1514616840,2800.0,1.5,1,JordanManual,CCCAGG,LEA,2017-12-30 17:40:30.524104
0.0005377,0.0005377,0.0005367,0.0005367,1514617020,0.0,0.0,1,JordanManual,CCCAGG,LEA,2017-12-30 17:40:30.524104
0.0005378,0.0005378,0.0005372,0.0005372,1514617200,0.0,0.0,1,JordanManual,CCCAGG,LEA,2017-12-30 17:40:30.524104
0.0005397,0.0005397,0.0005387,0.0005387,1514617380,0.0,0.0,1,JordanManual,CCCAGG,LEA,2017-12-30 17:40:30.524104
0.0005421,0.0005421,0.0005402,0.0005402,1514617560,0.0,0.0,1,JordanManual,CCCAGG,LEA,2017-12-30 17:40:30.524104
0.0005415,0.0005422,0.0005415,0.0005422,1514617740,0.0,0.0,1,JordanManual,CCCAGG,LEA,2017-12-30 17:40:30.524104
0.0005402,0.0005408,0.0005401,0.0005408,1514617920,0.0,0.0,1,JordanManual,CCCAGG,LEA,2017-12-30 17:40:30.524104
0.0005403,0.0005408,0.0005403,0.0005403,1514618100,0.0,0.0,1,JordanManual,CCCAGG,LEA,2017-12-30 17:40:30.524104
0.0005394,0.0005401,0.0005394,0.0005401,1514618280,0.0,0.0,1,JordanManual,CCCAGG,LEA,2017-12-30 17:40:30.524104
0.0005404,0.0005405,0.0005384,0.0005384,1514618460,0.0,0.0,1,JordanManual,CCCAGG,LEA,2017-12-30 17:40:30.524104
0.0005422,0.0005422,0.0005404,0.0005404,1514618640,0.0,0.0,1,JordanManual,CCCAGG,LEA,2017-12-30 17:40:30.524104
0.0005446,0.0005446,0.0005422,0.0005422,1514618820,0.0,0.0,1,JordanManual,CCCAGG,LEA,2017-12-30 17:40:30.524104
0.0005454,0.0005456,0.0005454,0.0005456,1514619000,0.0,0.0,1,JordanManual,CCCAGG,LEA,2017-12-30 17:40:30.524104
0.0005454,0.0005454,0.000545,0.000545,1514619180,4400.0,2.4,1,JordanManual,CCCAGG,LEA,2017-12-30 17:40:30.524104
0.0005452,0.0005453,0.0005451,0.0005451,1514619360,0.0,0.0,1,JordanManual,CCCAGG,LEA,2017-12-30 17:40:30.524104
0.000546,0.000546,0.0005452,0.0005452,1514619540,0.0,0.0,1,JordanManual,CCCAGG,LEA,2017-12-30 17:40:30.524104
0.0005461,0.0005461,0.0005458,0.0005458,1514619720,0.0,0.0,1,JordanManual,CCCAGG,LEA,2017-12-30 17:40:30.524104
0.0005468,0.0005468,0.0005466,0.0005466,1514619900,0.0,0.0,1,JordanManual,CCCAGG,LEA,2017-12-30 17:40:30.524104
0.0005467,0.000547,0.0005467,0.000547,1514620080,3489.2,1.91,1,JordanManual,CCCAGG,LEA,2017-12-30 17:40:30.524104
0.0005468,0.0005468,0.0005464,0.0005464,1514620260,0.0,0.0,1,JordanManual,CCCAGG,LEA,2017-12-30 17:40:30.524104
0.0005471,0.0005471,0.0005471,0.0005471,1514620440,0.0,0.0,1,JordanManual,CCCAGG,LEA,2017-12-30 17:40:30.524104
0.0005463,0.0005465,0.0005459,0.0005465,1514620620,0.0,0.0,1,JordanManual,CCCAGG,LEA,2017-12-30 17:40:30.524104
0.0005461,0.0005463,0.0005459,0.0005463,1514620800,0.0,0.0,1,JordanManual,CCCAGG,LEA,2017-12-30 17:40:30.524104
0.0005462,0.0005463,0.0005458,0.0005463,1514620980,0.0,0.0,1,JordanManual,CCCAGG,LEA,2017-12-30 17:40:30.524104
0.000544,0.0005456,0.000544,0.0005456,1514621160,0.0,0.0,1,JordanManual,CCCAGG,LEA,2017-12-30 17:40:30.524104
0.0005439,0.0005442,0.0005438,0.0005442,1514621340,0.0,0.0,1,JordanManual,CCCAGG,LEA,2017-12-30 17:40:30.524104
0.0005445,0.0005445,0.0005441,0.0005444,1514621520,3800.0,2.07,1,JordanManual,CCCAGG,LEA,2017-12-30 17:40:30.524104
0.000543,0.0005432,0.0005423,0.0005432,1514621700,0.0,0.0,1,JordanManual,CCCAGG,LEA,2017-12-30 17:40:30.524104
0.0005418,0.0005431,0.0005418,0.0005424,1514621880,0.0,0.0,1,JordanManual,CCCAGG,LEA,2017-12-30 17:40:30.524104
0.000541,0.0005411,0.0005407,0.0005411,1514622060,0.0,0.0,1,JordanManual,CCCAGG,LEA,2017-12-30 17:40:30.524104
0.0005428,0.0005428,0.0005416,0.0005416,1514622240,0.0,0.0,1,JordanManual,CCCAGG,LEA,2017-12-30 17:40:30.524104
0.0005433,0.0005433,0.000543,0.000543,1514622420,0.0,0.0,1,JordanManual,CCCAGG,LEA,2017-12-30 17:40:30.524104
0.0005437,0.0005442,0.0005437,0.0005442,1514622600,0.0,0.0,1,JordanManual,CCCAGG,LEA,2017-12-30 17:40:30.524104
0.0005445,0.0005445,0.0005438,0.0005441,1514622780,0.0,0.0,1,JordanManual,CCCAGG,LEA,2017-12-30 17:40:30.524104
0.0005441,0.0005443,0.000544,0.000544,1514622960,0.0,0.0,1,JordanManual,CCCAGG,LEA,2017-12-30 17:40:30.524104
0.0005439,0.0005444,0.0005439,0.0005444,1514623140,0.0,0.0,1,JordanManual,CCCAGG,LEA,2017-12-30 17:40:30.524104
0.0005414,0.0005422,0.0005414,0.000542,1514623320,0.0,0.0,1,JordanManual,CCCAGG,LEA,2017-12-30 17:40:30.524104
0.0005414,0.000542,0.0005414,0.0005414,1514623500,21389.98,11.58,1,JordanManual,CCCAGG,LEA,2017-12-30 17:40:30.524104
0.0005413,0.0005416,0.0005411,0.0005416,1514623680,0.0,0.0,1,JordanManual,CCCAGG,LEA,2017-12-30 17:40:30.524104
0.0005407,0.000541,0.0005407,0.000541,1514623860,0.0,0.0,1,JordanManual,CCCAGG,LEA,2017-12-30 17:40:30.524104
0.0005393,0.0005404,0.0005388,0.0005404,1514624040,0.0,0.0,1,JordanManual,CCCAGG,LEA,2017-12-30 17:40:30.524104
0.0005388,0.0005392,0.0005384,0.0005384,1514624220,0.0,0.0,1,JordanManual,CCCAGG,LEA,2017-12-30 17:40:30.524104
0.0005376,0.0005385,0.0005376,0.0005385,1514624400,0.0,0.0,1,JordanManual,CCCAGG,LEA,2017-12-30 17:40:30.524104
0.0005341,0.0005362,0.0005341,0.0005362,1514624580,0.0,0.0,1,JordanManual,CCCAGG,LEA,2017-12-30 17:40:30.524104
0.0005346,0.0005346,0.0005344,0.0005344,1514624760,3600.0,1.92,1,JordanManual,CCCAGG,LEA,2017-12-30 17:40:30.524104
0.000531,0.000534,0.000531,0.000534,1514624940,11970.0,6.36,1,JordanManual,CCCAGG,LEA,2017-12-30 17:40:30.524104
0.0005337,0.0005337,0.0005325,0.000533,1514625120,0.0,0.0,1,JordanManual,CCCAGG,LEA,2017-12-30 17:40:30.524104
0.0005337,0.0005337,0.0005332,0.0005336,1514625300,0.0,0.0,1,JordanManual,CCCAGG,LEA,2017-12-30 17:40:30.524104
0.0005356,0.0005356,0.000535,0.0005353,1514625480,0.0,0.0,1,JordanManual,CCCAGG,LEA,2017-12-30 17:40:30.524104
0.0005359,0.000536,0.0005357,0.0005357,1514625660,0.0,0.0,1,JordanManual,CCCAGG,LEA,2017-12-30 17:40:30.524104
0.0005352,0.0005355,0.0005352,0.0005355,1514625840,0.0,0.0,1,JordanManual,CCCAGG,LEA,2017-12-30 17:40:30.524104
0.0005357,0.0005357,0.0005354,0.0005355,1514626020,0.0,0.0,1,JordanManual,CCCAGG,LEA,2017-12-30 17:40:30.524104
0.0005375,0.0005375,0.0005359,0.0005359,1514626200,0.0,0.0,1,JordanManual,CCCAGG,LEA,2017-12-30 17:40:30.524104
0.000537,0.0005373,0.000537,0.0005373,1514626380,0.0,0.0,1,JordanManual,CCCAGG,LEA,2017-12-30 17:40:30.524104
0.0005378,0.0005378,0.0005377,0.0005377,1514626560,0.0,0.0,1,JordanManual,CCCAGG,LEA,2017-12-30 17:40:30.524104
0.0005368,0.000538,0.0005368,0.000538,1514626740,0.0,0.0,1,JordanManual,CCCAGG,LEA,2017-12-30 17:40:30.524104
0.0005366,0.0005366,0.0005359,0.0005359,1514626920,0.0,0.0,1,JordanManual,CCCAGG,LEA,2017-12-30 17:40:30.524104
0.0005386,0.0005386,0.0005381,0.0005381,1514627100,0.0,0.0,1,JordanManual,CCCAGG,LEA,2017-12-30 17:40:30.524104
0.0005386,0.0005386,0.0005383,0.0005385,1514627280,0.0,0.0,1,JordanManual,CCCAGG,LEA,2017-12-30 17:40:30.524104
0.0005382,0.0005383,0.0005382,0.0005382,1514627460,0.0,0.0,1,JordanManual,CCCAGG,LEA,2017-12-30 17:40:30.524104
0.0005368,0.0005386,0.0005368,0.0005386,1514627640,0.0,0.0,1,JordanManual,CCCAGG,LEA,2017-12-30 17:40:30.524104
0.0005365,0.0005369,0.0005355,0.0005369,1514627820,0.0,0.0,1,JordanManual,CCCAGG,LEA,2017-12-30 17:40:30.524104
0.0005366,0.000537,0.0005366,0.0005369,1514628000,0.0,0.0,1,JordanManual,CCCAGG,LEA,2017-12-30 17:40:30.524104
0.0005373,0.0006716,0.000537,0.000537,1514628180,4200.0,2.26,1,JordanManual,CCCAGG,LEA,2017-12-30 17:40:30.524104
0.0005374,0.0005374,0.0005372,0.0005372,1514628360,0.0,0.0,1,JordanManual,CCCAGG,LEA,2017-12-30 17:40:30.524104
0.0005372,0.0005374,0.0005368,0.0005368,1514628540,0.0,0.0,1,JordanManual,CCCAGG,LEA,2017-12-30 17:40:30.524104
0.0005343,0.0005372,0.0005343,0.0005372,1514628720,57811.76,30.97,1,JordanManual,CCCAGG,LEA,2017-12-30 17:40:30.524104
0.0005337,0.0005337,0.000533,0.0005332,1514628900,0.0,0.0,1,JordanManual,CCCAGG,LEA,2017-12-30 17:40:30.524104
0.0005302,0.000533,0.0005302,0.000533,1514629080,0.0,0.0,1,JordanManual,CCCAGG,LEA,2017-12-30 17:40:30.524104
0.0005294,0.0005295,0.0005294,0.0005294,1514629260,0.0,0.0,1,JordanManual,CCCAGG,LEA,2017-12-30 17:40:30.524104
0.0005269,0.0005287,0.0005269,0.0005287,1514629440,0.0,0.0,1,JordanManual,CCCAGG,LEA,2017-12-30 17:40:30.524104
0.0005263,0.0005272,0.0005263,0.0005272,1514629620,0.0,0.0,1,JordanManual,CCCAGG,LEA,2017-12-30 17:40:30.524104
0.0005278,0.0005281,0.0005266,0.0005266,1514629800,0.0,0.0,1,JordanManual,CCCAGG,LEA,2017-12-30 17:40:30.524104
0.0005293,0.0005293,0.0005277,0.0005277,1514629980,0.0,0.0,1,JordanManual,CCCAGG,LEA,2017-12-30 17:40:30.524104
0.0005295,0.0005295,0.0005291,0.0005291,1514630160,0.0,0.0,1,JordanManual,CCCAGG,LEA,2017-12-30 17:40:30.524104
0.0005323,0.0005323,0.0005307,0.0005307,1514630340,0.0,0.0,1,JordanManual,CCCAGG,LEA,2017-12-30 17:40:30.524104
0.0005301,0.0005316,0.0005301,0.0005316,1514630520,0.0,0.0,1,JordanManual,CCCAGG,LEA,2017-12-30 17:40:30.524104
0.0005312,0.0005314,0.0005307,0.0005307,1514630700,0.0,0.0,1,JordanManual,CCCAGG,LEA,2017-12-30 17:40:30.524104
0.0005309,0.0005313,0.0005309,0.000531,1514630880,0.0,0.0,1,JordanManual,CCCAGG,LEA,2017-12-30 17:40:30.524104
0.0005297,0.0005307,0.0005297,0.0005304,1514631060,0.0,0.0,1,JordanManual,CCCAGG,LEA,2017-12-30 17:40:30.524104
0.0005297,0.0005297,0.0005289,0.0005296,1514631240,0.0,0.0,1,JordanManual,CCCAGG,LEA,2017-12-30 17:40:30.524104
0.0005279,0.0005296,0.0005279,0.0005292,1514631420,0.0,0.0,1,JordanManual,CCCAGG,LEA,2017-12-30 17:40:30.524104
0.0005255,0.000527,0.0005255,0.000527,1514631600,2600.0,1.37,1,JordanManual,CCCAGG,LEA,2017-12-30 17:40:30.524104
0.0005276,0.0005276,0.0005262,0.0005262,1514631780,0.0,0.0,1,JordanManual,CCCAGG,LEA,2017-12-30 17:40:30.524104
0.0005304,0.0005304,0.0005285,0.0005285,1514631960,0.0,0.0,1,JordanManual,CCCAGG,LEA,2017-12-30 17:40:30.524104
0.000531,0.000531,0.0005303,0.0005304,1514632140,11602.35,6.16,1,JordanManual,CCCAGG,LEA,2017-12-30 17:40:30.524104
0.0005323,0.0005323,0.0005319,0.0005319,1514632320,0.0,0.0,1,JordanManual,CCCAGG,LEA,2017-12-30 17:40:30.524104
0.000537,0.000537,0.0005329,0.0005329,1514632500,0.0,0.0,1,JordanManual,CCCAGG,LEA,2017-12-30 17:40:30.524104
0.0005375,0.0005375,0.0005367,0.0005367,1514632680,0.0,0.0,1,JordanManual,CCCAGG,LEA,2017-12-30 17:40:30.524104
0.0005356,0.0005371,0.0005356,0.0005371,1514632860,4000.0,2.14,1,JordanManual,CCCAGG,LEA,2017-12-30 17:40:30.524104
0.0005346,0.0005346,0.0005346,0.0005346,1514633040,0.0,0.0,1,JordanManual,CCCAGG,LEA,2017-12-30 17:40:30.524104
0.0005355,0.0005355,0.000535,0.000535,1514633220,0.0,0.0,1,JordanManual,CCCAGG,LEA,2017-12-30 17:40:30.524104
0.0005354,0.0005355,0.0005352,0.0005355,1514633400,0.0,0.0,1,JordanManual,CCCAGG,LEA,2017-12-30 17:40:30.524104
0.0005348,0.0005348,0.0005339,0.0005345,1514633580,0.0,0.0,1,JordanManual,CCCAGG,LEA,2017-12-30 17:40:30.524104
0.0005343,0.0005345,0.0005341,0.0005345,1514633760,0.0,0.0,1,JordanManual,CCCAGG,LEA,2017-12-30 17:40:30.524104
0.0005363,0.0005363,0.0005353,0.0005353,1514633940,0.0,0.0,1,JordanManual,CCCAGG,LEA,2017-12-30 17:40:30.524104
0.0005367,0.000537,0.0005366,0.0005366,1514634120,0.0,0.0,1,JordanManual,CCCAGG,LEA,2017-12-30 17:40:30.524104
0.0005356,0.0005365,0.0005356,0.0005365,1514634300,0.0,0.0,1,JordanManual,CCCAGG,LEA,2017-12-30 17:40:30.524104
0.0005362,0.0005362,0.0005355,0.0005358,1514634480,0.0,0.0,1,JordanManual,CCCAGG,LEA,2017-12-30 17:40:30.524104
0.0005351,0.0005357,0.0005349,0.0005357,1514634660,0.0,0.0,1,JordanManual,CCCAGG,LEA,2017-12-30 17:40:30.524104
0.0005357,0.0005357,0.0005354,0.0005354,1514634840,0.0,0.0,1,JordanManual,CCCAGG,LEA,2017-12-30 17:40:30.524104
0.0006701,0.0006701,0.0005363,0.0005363,1514635020,54530.12,36.52,1,JordanManual,CCCAGG,LEA,2017-12-30 17:40:30.524104
0.0006641,0.0006689,0.0006641,0.0006689,1514635200,0.0,0.0,1,JordanManual,CCCAGG,LEA,2017-12-30 17:40:30.524104
0.0006615,0.0006629,0.0006615,0.0006629,1514635380,0.0,0.0,1,JordanManual,CCCAGG,LEA,2017-12-30 17:40:30.524104
0.0006588,0.000661,0.0006588,0.000661,1514635560,0.0,0.0,1,JordanManual,CCCAGG,LEA,2017-12-30 17:40:30.524104
0.0006549,0.0006576,0.0006549,0.0006576,1514635740,0.0,0.0,1,JordanManual,CCCAGG,LEA,2017-12-30 17:40:30.524104
0.0006533,0.0006534,0.0006519,0.0006534,1514635920,0.0,0.0,1,JordanManual,CCCAGG,LEA,2017-12-30 17:40:30.524104
0.0006527,0.0006538,0.0006527,0.0006536,1514636100,0.0,0.0,1,JordanManual,CCCAGG,LEA,2017-12-30 17:40:30.524104
0.0005213,0.000653,0.0005213,0.000653,1514636280,3600.0,1.88,1,JordanManual,CCCAGG,LEA,2017-12-30 17:40:30.524104
0.0005236,0.0005236,0.0005216,0.0005216,1514636460,0.0,0.0,1,JordanManual,CCCAGG,LEA,2017-12-30 17:40:30.524104
0.0005249,0.0005249,0.0005238,0.0005238,1514636640,0.0,0.0,1,JordanManual,CCCAGG,LEA,2017-12-30 17:40:30.524104
0.0005236,0.0005255,0.0005236,0.0005255,1514636820,0.0,0.0,1,JordanManual,CCCAGG,LEA,2017-12-30 17:40:30.524104
0.000522,0.0005232,0.000522,0.0005232,1514637000,0.0,0.0,1,JordanManual,CCCAGG,LEA,2017-12-30 17:40:30.524104
0.0005221,0.0005227,0.0005216,0.0005216,1514637180,0.0,0.0,1,JordanManual,CCCAGG,LEA,2017-12-30 17:40:30.524104
0.0005178,0.0005204,0.0005178,0.0005204,1514637360,0.0,0.0,1,JordanManual,CCCAGG,LEA,2017-12-30 17:40:30.524104
0.0005151,0.0005157,0.0005151,0.0005157,1514637540,2800.0,1.44,1,JordanManual,CCCAGG,LEA,2017-12-30 17:40:30.524104
0.000513,0.0005148,0.000513,0.0005148,1514637720,0.0,0.0,1,JordanManual,CCCAGG,LEA,2017-12-30 17:40:30.524104
0.0005093,0.0005121,0.0005093,0.0005121,1514637900,0.0,0.0,1,JordanManual,CCCAGG,LEA,2017-12-30 17:40:30.524104
0.00051,0.00051,0.000509,0.0005094,1514638080,0.0,0.0,1,JordanManual,CCCAGG,LEA,2017-12-30 17:40:30.524104
0.0005113,0.0005113,0.0005101,0.0005104,1514638260,0.0,0.0,1,JordanManual,CCCAGG,LEA,2017-12-30 17:40:30.524104
0.0005129,0.0005144,0.0005129,0.000513,1514638440,0.0,0.0,1,JordanManual,CCCAGG,LEA,2017-12-30 17:40:30.524104
0.0005114,0.0005114,0.0005107,0.0005112,1514638620,0.0,0.0,1,JordanManual,CCCAGG,LEA,2017-12-30 17:40:30.524104
0.0005037,0.0005102,0.0005037,0.0005102,1514638800,0.0,0.0,1,JordanManual,CCCAGG,LEA,2017-12-30 17:40:30.524104
0.0005021,0.0005038,0.0005021,0.0005038,1514638980,0.0,0.0,1,JordanManual,CCCAGG,LEA,2017-12-30 17:40:30.524104
0.0005001,0.0005006,0.0004997,0.0005006,1514639160,0.0,0.0,1,JordanManual,CCCAGG,LEA,2017-12-30 17:40:30.524104
0.000497,0.0005008,0.000497,0.0005008,1514639340,0.0,0.0,1,JordanManual,CCCAGG,LEA,2017-12-30 17:40:30.524104
0.0004951,0.0004965,0.0004951,0.0004965,1514639520,0.0,0.0,1,JordanManual,CCCAGG,LEA,2017-12-30 17:40:30.524104
0.0004898,0.0004934,0.0004898,0.0004934,1514639700,0.0,0.0,1,JordanManual,CCCAGG,LEA,2017-12-30 17:40:30.524104
0.0004888,0.0004897,0.0004888,0.0004897,1514639880,3200.0,1.56,1,JordanManual,CCCAGG,LEA,2017-12-30 17:40:30.524104
0.0004956,0.0004963,0.0004936,0.0004936,1514640060,0.0,0.0,1,JordanManual,CCCAGG,LEA,2017-12-30 17:40:30.524104
0.0004972,0.0004972,0.0004942,0.0004942,1514640240,0.0,0.0,1,JordanManual,CCCAGG,LEA,2017-12-30 17:40:30.524104
0.0004977,0.0004994,0.0004977,0.0004994,1514640420,0.0,0.0,1,JordanManual,CCCAGG,LEA,2017-12-30 17:40:30.524104
0.0005005,0.0005005,0.0004994,0.0004995,1514640600,0.0,0.0,1,JordanManual,CCCAGG,LEA,2017-12-30 17:40:30.524104
0.0005023,0.0005027,0.0005023,0.0005027,1514640780,0.0,0.0,1,JordanManual,CCCAGG,LEA,2017-12-30 17:40:30.524104
0.000503,0.000503,0.0005004,0.0005004,1514640960,0.0,0.0,1,JordanManual,CCCAGG,LEA,2017-12-30 17:40:30.524104
0.0004985,0.0005022,0.0004985,0.0005022,1514641140,0.0,0.0,1,JordanManual,CCCAGG,LEA,2017-12-30 17:40:30.524104
0.0004971,0.0004971,0.0004962,0.0004966,1514641320,0.0,0.0,1,JordanManual,CCCAGG,LEA,2017-12-30 17:40:30.524104
0.0005015,0.0005015,0.0004991,0.0004991,1514641500,0.0,0.0,1,JordanManual,CCCAGG,LEA,2017-12-30 17:40:30.524104
0.0005032,0.0005032,0.0005019,0.0005019,1514641680,0.0,0.0,1,JordanManual,CCCAGG,LEA,2017-12-30 17:40:30.524104
0.0005039,0.0005039,0.0005031,0.0005031,1514641860,2800.0,1.41,1,JordanManual,CCCAGG,LEA,2017-12-30 17:40:30.524104
0.0005026,0.0005027,0.0005025,0.0005027,1514642040,0.0,0.0,1,JordanManual,CCCAGG,LEA,2017-12-30 17:40:30.524104
0.0005051,0.0005051,0.0005035,0.0005035,1514642220,0.0,0.0,1,JordanManual,CCCAGG,LEA,2017-12-30 17:40:30.524104
0.0005072,0.0005074,0.0005059,0.0005059,1514642400,0.0,0.0,1,JordanManual,CCCAGG,LEA,2017-12-30 17:40:30.524104
0.0005093,0.0005093,0.0005089,0.0005089,1514642580,0.0,0.0,1,JordanManual,CCCAGG,LEA,2017-12-30 17:40:30.524104
0.0005111,0.0005111,0.0005097,0.0005097,1514642760,0.0,0.0,1,JordanManual,CCCAGG,LEA,2017-12-30 17:40:30.524104
0.0005129,0.0005137,0.0005129,0.000513,1514642940,19815.9,10.18,1,JordanManual,CCCAGG,LEA,2017-12-30 17:40:30.524104
0.0005118,0.0005132,0.0005118,0.0005132,1514643120,0.0,0.0,1,JordanManual,CCCAGG,LEA,2017-12-30 17:40:30.524104
0.0005061,0.0005098,0.0005061,0.0005098,1514643300,0.0,0.0,1,JordanManual,CCCAGG,LEA,2017-12-30 17:40:30.524104
0.0005017,0.0005052,0.0005017,0.0005052,1514643480,64220.34,32.22,1,JordanManual,CCCAGG,LEA,2017-12-30 17:40:30.524104
0.0005014,0.0005014,0.0005011,0.0005013,1514643660,0.0,0.0,1,JordanManual,CCCAGG,LEA,2017-12-30 17:40:30.524104
0.0005014,0.0005027,0.0005014,0.0005027,1514643840,0.0,0.0,1,JordanManual,CCCAGG,LEA,2017-12-30 17:40:30.524104
0.0004978,0.0005006,0.0004978,0.0005003,1514644020,0.0,0.0,1,JordanManual,CCCAGG,LEA,2017-12-30 17:40:30.524104
0.0004943,0.0004967,0.0004932,0.0004967,1514644200,0.0,0.0,1,JordanManual,CCCAGG,LEA,2017-12-30 17:40:30.524104
0.0004944,0.0004955,0.0004942,0.0004942,1514644380,0.0,0.0,1,JordanManual,CCCAGG,LEA,2017-12-30 17:40:30.524104
0.0004927,0.0004936,0.0004926,0.0004936,1514644560,0.0,0.0,1,JordanManual,CCCAGG,LEA,2017-12-30 17:40:30.524104
0.0006209,0.0006209,0.0004936,0.0004936,1514644740,64434.69,39.83,1,JordanManual,CCCAGG,LEA,2017-12-30 17:40:30.524104
0.000623,0.0006247,0.000623,0.0006246,1514644920,0.0,0.0,1,JordanManual,CCCAGG,LEA,2017-12-30 17:40:30.524104
0.0006283,0.0006283,0.0006225,0.0006225,1514645100,0.0,0.0,1,JordanManual,CCCAGG,LEA,2017-12-30 17:40:30.524104
0.0005059,0.0006327,0.0005059,0.0006314,1514645280,2800.0,1.42,1,JordanManual,CCCAGG,LEA,2017-12-30 17:40:30.524104
0.0005034,0.0005056,0.0005034,0.0005056,1514645460,0.0,0.0,1,JordanManual,CCCAGG,LEA,2017-12-30 17:40:30.524104
0.0005032,0.0005032,0.0005028,0.0005028,1514645640,0.0,0.0,1,JordanManual,CCCAGG,LEA,2017-12-30 17:40:30.524104
0.0005035,0.0005036,0.0005029,0.0005036,1514645820,0.0,0.0,1,JordanManual,CCCAGG,LEA,2017-12-30 17:40:30.524104
0.000502,0.0005031,0.000502,0.0005031,1514646000,0.0,0.0,1,JordanManual,CCCAGG,LEA,2017-12-30 17:40:30.524104
0.0005026,0.0005026,0.0005012,0.0005015,1514646180,0.0,0.0,1,JordanManual,CCCAGG,LEA,2017-12-30 17:40:30.524104
0.0005003,0.0005016,0.0005003,0.0005016,1514646360,0.0,0.0,1,JordanManual,CCCAGG,LEA,2017-12-30 17:40:30.524104
0.0005,0.0005,0.0004997,0.0004997,1514646540,0.0,0.0,1,JordanManual,CCCAGG,LEA,2017-12-30 17:40:30.524104
0.0005018,0.0005022,0.0005009,0.0005009,1514646720,0.0,0.0,1,JordanManual,CCCAGG,LEA,2017-12-30 17:40:30.524104
0.0005052,0.0005052,0.0005032,0.0005032,1514646900,0.0,0.0,1,JordanManual,CCCAGG,LEA,2017-12-30 17:40:30.524104
0.000506,0.0005069,0.000506,0.000506,1514647080,0.0,0.0,1,JordanManual,CCCAGG,LEA,2017-12-30 17:40:30.524104
0.0005043,0.0005045,0.0005042,0.0005042,1514647260,0.0,0.0,1,JordanManual,CCCAGG,LEA,2017-12-30 17:40:30.524104
0.0005038,0.0005043,0.0005038,0.0005043,1514647440,2600.0,1.31,1,JordanManual,CCCAGG,LEA,2017-12-30 17:40:30.524104
0.0005043,0.0005043,0.0005036,0.0005036,1514647620,0.0,0.0,1,JordanManual,CCCAGG,LEA,2017-12-30 17:40:30.524104
0.000506,0.000506,0.0005048,0.0005048,1514647800,0.0,0.0,1,JordanManual,CCCAGG,LEA,2017-12-30 17:40:30.524104
0.0005032,0.0005059,0.0005032,0.0005059,1514647980,0.0,0.0,1,JordanManual,CCCAGG,LEA,2017-12-30 17:40:30.524104
0.0005009,0.0005022,0.0005009,0.0005022,1514648160,0.0,0.0,1,JordanManual,CCCAGG,LEA,2017-12-30 17:40:30.524104
0.0004993,0.0005008,0.0004993,0.0005008,1514648340,0.0,0.0,1,JordanManual,CCCAGG,LEA,2017-12-30 17:40:30.524104
0.0004986,0.0004986,0.0004977,0.000498,1514648520,4538.78,2.26,1,JordanManual,CCCAGG,LEA,2017-12-30 17:40:30.524104
0.0004977,0.0004994,0.0004977,0.0004994,1514648700,0.0,0.0,1,JordanManual,CCCAGG,LEA,2017-12-30 17:40:30.524104
0.0004984,0.0004984,0.0004974,0.0004981,1514648880,0.0,0.0,1,JordanManual,CCCAGG,LEA,2017-12-30 17:40:30.524104
0.0004994,0.0005,0.0004994,0.0004996,1514649060,0.0,0.0,1,JordanManual,CCCAGG,LEA,2017-12-30 17:40:30.524104
0.0005,0.0005,0.0004994,0.0004995,1514649240,84307.17,42.11,1,JordanManual,CCCAGG,LEA,2017-12-30 17:40:30.524104
0.0005012,0.0005012,0.0005008,0.0005008,1514649420,0.0,0.0,1,JordanManual,CCCAGG,LEA,2017-12-30 17:40:30.524104
0.000499,0.0005006,0.000499,0.0005006,1514649600,0.0,0.0,1,JordanManual,CCCAGG,LEA,2017-12-30 17:40:30.524104
0.0004958,0.0004979,0.0004958,0.0004979,1514649780,0.0,0.0,1,JordanManual,CCCAGG,LEA,2017-12-30 17:40:30.524104
0.0004952,0.0004964,0.0004952,0.0004964,1514649960,0.0,0.0,1,JordanManual,CCCAGG,LEA,2017-12-30 17:40:30.524104
0.0004947,0.0004948,0.0004946,0.0004946,1514650140,0.0,0.0,1,JordanManual,CCCAGG,LEA,2017-12-30 17:40:30.524104
0.0004941,0.0004942,0.0004941,0.0004942,1514650320,0.0,0.0,1,JordanManual,CCCAGG,LEA,2017-12-30 17:40:30.524104
0.0004958,0.0004964,0.0004955,0.0004955,1514650500,0.0,0.0,1,JordanManual,CCCAGG,LEA,2017-12-30 17:40:30.524104
0.0004969,0.0004969,0.0004965,0.0004965,1514650680,0.0,0.0,1,JordanManual,CCCAGG,LEA,2017-12-30 17:40:30.524104
0.0006222,0.0006225,0.0004977,0.0004977,1514650860,44249.48,27.55,1,JordanManual,CCCAGG,LEA,2017-12-30 17:40:30.524104
0.0006189,0.0006221,0.0006189,0.0006221,1514651040,0.0,0.0,1,JordanManual,CCCAGG,LEA,2017-12-30 17:40:30.524104
0.0006171,0.0006194,0.0006171,0.0006194,1514651220,0.0,0.0,1,JordanManual,CCCAGG,LEA,2017-12-30 17:40:30.524104
0.0006162,0.0006166,0.000616,0.000616,1514651400,0.0,0.0,1,JordanManual,CCCAGG,LEA,2017-12-30 17:40:30.524104
0.0006145,0.0006166,0.0006145,0.0006166,1514651580,0.0,0.0,1,JordanManual,CCCAGG,LEA,2017-12-30 17:40:30.524104
0.000483,0.0006112,0.000483,0.0006112,1514651760,3400.0,1.65,1,JordanManual,CCCAGG,LEA,2017-12-30 17:40:30.524104
0.0004809,0.0004835,0.0004809,0.0004835,1514651940,0.0,0.0,1,JordanManual,CCCAGG,LEA,2017-12-30 17:40:30.524104
0.0004809,0.0004815,0.0004799,0.0004815,1514652120,0.0,0.0,1,JordanManual,CCCAGG,LEA,2017-12-30 17:40:30.524104
0.0004855,0.0004857,0.000482,0.000482,1514652300,0.0,0.0,1,JordanManual,CCCAGG,LEA,2017-12-30 17:40:30.524104
0.000487,0.0004886,0.000487,0.0004873,1514652480,0.0,0.0,1,JordanManual,CCCAGG,LEA,2017-12-30 17:40:30.524104
0.0004883,0.0004883,0.0004871,0.0004871,1514652660,0.0,0.0,1,JordanManual,CCCAGG,LEA,2017-12-30 17:40:30.524104
0.0004841,0.0004879,0.0004839,0.0004879,1514652840,0.0,0.0,1,JordanManual,CCCAGG,LEA,2017-12-30 17:40:30.524104
0.0004844,0.0004845,0.0004844,0.0004845,1514653020,0.0,0.0,1,JordanManual,CCCAGG,LEA,2017-12-30 17:40:30.524104
0.000488,0.000488,0.0004848,0.0004848,1514653200,0.0,0.0,1,JordanManual,CCCAGG,LEA,2017-12-30 17:40:30.524104
0.0004919,0.0004919,0.000489,0.0004895,1514653380,0.0,0.0,1,JordanManual,CCCAGG,LEA,2017-12-30 17:40:30.524104
0.0004938,0.0004938,0.0004924,0.0004926,1514653560,0.0,0.0,1,JordanManual,CCCAGG,LEA,2017-12-30 17:40:30.524104
0.0004933,0.0004944,0.0004933,0.0004944,1514653740,0.0,0.0,1,JordanManual,CCCAGG,LEA,2017-12-30 17:40:30.524104
0.0004952,0.0004952,0.000492,0.000492,1514653920,0.0,0.0,1,JordanManual,CCCAGG,LEA,2017-12-30 17:40:30.524104
0.0004978,0.0004978,0.0004959,0.0004959,1514654100,0.0,0.0,1,JordanManual,CCCAGG,LEA,2017-12-30 17:40:30.524104
0.0004978,0.0004978,0.0004973,0.0004976,1514654280,0.0,0.0,1,JordanManual,CCCAGG,LEA,2017-12-30 17:40:30.524104
0.000497,0.000497,0.0004967,0.0004969,1514654460,0.0,0.0,1,JordanManual,CCCAGG,LEA,2017-12-30 17:40:30.524104
0.0004988,0.0004988,0.0004963,0.0004963,1514654640,0.0,0.0,1,JordanManual,CCCAGG,LEA,2017-12-30 17:40:30.524104
0.0006243,0.0006243,0.0004987,0.0004987,1514654820,2495.6,1.56,1,JordanManual,CCCAGG,LEA,2017-12-30 17:40:30.524104
0.0006223,0.0006242,0.0006223,0.0006242,1514655000,65254.67,40.73,1,JordanManual,CCCAGG,LEA,2017-12-30 17:40:30.524104
0.0006237,0.0006237,0.0006229,0.0006237,1514655180,0.0,0.0,1,JordanManual,CCCAGG,LEA,2017-12-30 17:40:30.524104
0.0006254,0.0006254,0.0006243,0.0006243,1514655360,2600.0,1.63,1,JordanManual,CCCAGG,LEA,2017-12-30 17:40:30.524104
0.0006247,0.0006248,0.0006243,0.0006248,1514655540,0.0,0.0,1,JordanManual,CCCAGG,LEA,2017-12-30 17:40:30.524104
0.0006257,0.0006257,0.0004991,0.0006239,1514655720,5280.77,3.3,1,JordanManual,CCCAGG,LEA,2017-12-30 17:40:30.524104
0.0006288,0.0006288,0.0006276,0.0006276,1514655900,0.0,0.0,1,JordanManual,CCCAGG,LEA,2017-12-30 17:40:30.524104
0.0006341,0.0006341,0.0006309,0.0006309,1514656080,0.0,0.0,1,JordanManual,CCCAGG,LEA,2017-12-30 17:40:30.524104
0.0006386,0.0006386,0.0006364,0.0006364,1514656260,0.0,0.0,1,JordanManual,CCCAGG,LEA,2017-12-30 17:40:30.524104
0.0006371,0.0006379,0.0006366,0.0006379,1514656440,0.0,0.0,1,JordanManual,CCCAGG,LEA,2017-12-30 17:40:30.524104
0.0006394,0.0006395,0.0006393,0.0006393,1514656620,0.0,0.0,1,JordanManual,CCCAGG,LEA,2017-12-30 17:40:30.524104
0.0006346,0.0006365,0.0006346,0.0006365,1514656800,0.0,0.0,1,JordanManual,CCCAGG,LEA,2017-12-30 17:40:30.524104
0.0006338,0.0006348,0.0006338,0.0006348,1514656980,0.0,0.0,1,JordanManual,CCCAGG,LEA,2017-12-30 17:40:30.524104
0.0006311,0.0006319,0.0006311,0.0006319,1514657160,0.0,0.0,1,JordanManual,CCCAGG,LEA,2017-12-30 17:40:30.524104
0.000635,0.000635,0.0006312,0.0006312,1514657340,0.0,0.0,1,JordanManual,CCCAGG,LEA,2017-12-30 17:40:30.524104
0.0006368,0.0006368,0.000635,0.000635,1514657520,0.0,0.0,1,JordanManual,CCCAGG,LEA,2017-12-30 17:40:30.524104
0.0005075,0.0006376,0.0005075,0.0006376,1514657700,20592.16,10.48,1,JordanManual,CCCAGG,LEA,2017-12-30 17:40:30.524104
0.0005069,0.0005072,0.0005068,0.0005072,1514657880,0.0,0.0,1,JordanManual,CCCAGG,LEA,2017-12-30 17:40:30.524104
0.0005055,0.000506,0.0005052,0.000506,1514658060,0.0,0.0,1,JordanManual,CCCAGG,LEA,2017-12-30 17:40:30.524104
0.000504,0.0005051,0.000504,0.0005051,1514658240,0.0,0.0,1,JordanManual,CCCAGG,LEA,2017-12-30 17:40:30.524104
0.0005005,0.0005016,0.0005005,0.0005013,1514658420,0.0,0.0,1,JordanManual,CCCAGG,LEA,2017-12-30 17:40:30.524104
0.0004977,0.0005003,0.0004977,0.0005003,1514658600,0.0,0.0,1,JordanManual,CCCAGG,LEA,2017-12-30 17:40:30.524104
0.0004982,0.0004982,0.0004979,0.000498,1514658780,0.0,0.0,1,JordanManual,CCCAGG,LEA,2017-12-30 17:40:30.524104
0.0004996,0.0004996,0.0004979,0.0004979,1514658960,0.0,0.0,1,JordanManual,CCCAGG,LEA,2017-12-30 17:40:30.524104
0.0005018,0.000502,0.0005014,0.0005014,1514659140,0.0,0.0,1,JordanManual,CCCAGG,LEA,2017-12-30 17:40:30.524104
0.0005026,0.0005026,0.0005016,0.0005016,1514659320,0.0,0.0,1,JordanManual,CCCAGG,LEA,2017-12-30 17:40:30.524104
0.0005037,0.0005038,0.0005034,0.0005034,1514659500,0.0,0.0,1,JordanManual,CCCAGG,LEA,2017-12-30 17:40:30.524104
0.0005043,0.0005043,0.0005032,0.0005039,1514659680,0.0,0.0,1,JordanManual,CCCAGG,LEA,2017-12-30 17:40:30.524104
0.0005067,0.0005068,0.0005055,0.0005055,1514659860,6426.47,3.26,1,JordanManual,CCCAGG,LEA,2017-12-30 17:40:30.524104
0.0005071,0.0005071,0.0005066,0.0005066,1514660040,0.0,0.0,1,JordanManual,CCCAGG,LEA,2017-12-30 17:40:30.524104
0.0005077,0.0005077,0.0005072,0.0005076,1514660220,0.0,0.0,1,JordanManual,CCCAGG,LEA,2017-12-30 17:40:30.524104
0.0005135,0.0005135,0.0005081,0.0005081,1514660400,0.0,0.0,1,JordanManual,CCCAGG,LEA,2017-12-30 17:40:30.524104
0.0005152,0.0005152,0.0005149,0.0005149,1514660580,0.0,0.0,1,JordanManual,CCCAGG,LEA,2017-12-30 17:40:30.524104
0.000517,0.000517,0.0005157,0.0005157,1514660760,0.0,0.0,1,JordanManual,CCCAGG,LEA,2017-12-30 17:40:30.524104
0.0005203,0.0005203,0.0005182,0.0005182,1514660940,0.0,0.0,1,JordanManual,CCCAGG,LEA,2017-12-30 17:40:30.524104
0.000522,0.000522,0.0005201,0.0005201,1514661120,0.0,0.0,1,JordanManual,CCCAGG,LEA,2017-12-30 17:40:30.524104
0.0005183,0.0005215,0.0005183,0.0005215,1514661300,0.0,0.0,1,JordanManual,CCCAGG,LEA,2017-12-30 17:40:30.524104
0.0005179,0.0005179,0.0005162,0.0005162,1514661480,0.0,0.0,1,JordanManual,CCCAGG,LEA,2017-12-30 17:40:30.524104
0.0005182,0.0005191,0.000518,0.0005191,1514661660,0.0,0.0,1,JordanManual,CCCAGG,LEA,2017-12-30 17:40:30.524104
0.0005204,0.0005204,0.0005186,0.0005186,1514661840,0.0,0.0,1,JordanManual,CCCAGG,LEA,2017-12-30 17:40:30.524104
0.0005203,0.000521,0.0005203,0.000521,1514662020,0.0,0.0,1,JordanManual,CCCAGG,LEA,2017-12-30 17:40:30.524104
0.0005179,0.0005193,0.0005179,0.0005193,1514662200,0.0,0.0,1,JordanManual,CCCAGG,LEA,2017-12-30 17:40:30.524104
0.0005169,0.0005173,0.0005169,0.0005173,1514662380,0.0,0.0,1,JordanManual,CCCAGG,LEA,2017-12-30 17:40:30.524104
0.0005158,0.000517,0.0005158,0.000517,1514662560,0.0,0.0,1,JordanManual,CCCAGG,LEA,2017-12-30 17:40:30.524104
0.0006443,0.0006443,0.0005152,0.0005156,1514662740,16631.32,10.72,1,JordanManual,CCCAGG,LEA,2017-12-30 17:40:30.524104
0.0006458,0.0006458,0.0006444,0.0006444,1514662920,0.0,0.0,1,JordanManual,CCCAGG,LEA,2017-12-30 17:40:30.524104
0.0006492,0.0006492,0.0006473,0.0006473,1514663100,0.0,0.0,1,JordanManual,CCCAGG,LEA,2017-12-30 17:40:30.524104
0.0006496,0.0006505,0.0006496,0.0006496,1514663280,0.0,0.0,1,JordanManual,CCCAGG,LEA,2017-12-30 17:40:30.524104
0.0006504,0.0006504,0.0006493,0.0006493,1514663460,0.0,0.0,1,JordanManual,CCCAGG,LEA,2017-12-30 17:40:30.524104
0.0006541,0.0006541,0.0006515,0.0006515,1514663640,0.0,0.0,1,JordanManual,CCCAGG,LEA,2017-12-30 17:40:30.524104
0.0006573,0.0006573,0.000656,0.000656,1514663820,0.0,0.0,1,JordanManual,CCCAGG,LEA,2017-12-30 17:40:30.524104
0.0006566,0.0006566,0.0006565,0.0006565,1514664000,0.0,0.0,1,JordanManual,CCCAGG,LEA,2017-12-30 17:40:30.524104
0.0006493,0.0006546,0.0006493,0.0006546,1514664180,0.0,0.0,1,JordanManual,CCCAGG,LEA,2017-12-30 17:40:30.524104
0.0006493,0.00065,0.0006493,0.00065,1514664360,0.0,0.0,1,JordanManual,CCCAGG,LEA,2017-12-30 17:40:30.524104
0.0006503,0.0006505,0.0006492,0.0006492,1514664540,0.0,0.0,1,JordanManual,CCCAGG,LEA,2017-12-30 17:40:30.524104
0.0006514,0.0006514,0.0006508,0.0006512,1514664720,0.0,0.0,1,JordanManual,CCCAGG,LEA,2017-12-30 17:40:30.524104
0.0006473,0.0006509,0.0006473,0.0006509,1514664900,0.0,0.0,1,JordanManual,CCCAGG,LEA,2017-12-30 17:40:30.524104
0.0006453,0.0006476,0.0006453,0.0006476,1514665080,0.0,0.0,1,JordanManual,CCCAGG,LEA,2017-12-30 17:40:30.524104
0.0006451,0.0006455,0.0006451,0.0006455,1514665260,0.0,0.0,1,JordanManual,CCCAGG,LEA,2017-12-30 17:40:30.524104
0.0006463,0.0006463,0.0006455,0.0006455,1514665440,0.0,0.0,1,JordanManual,CCCAGG,LEA,2017-12-30 17:40:30.524104
0.0005138,0.0006437,0.0005138,0.0006437,1514665620,100996.59,52.01,1,JordanManual,CCCAGG,LEA,2017-12-30 17:40:30.524104
0.0005128,0.0005128,0.0005114,0.0005128,1514665800,0.0,0.0,1,JordanManual,CCCAGG,LEA,2017-12-30 17:40:30.524104
0.0005155,0.0005155,0.0005138,0.0005138,1514665980,0.0,0.0,1,JordanManual,CCCAGG,LEA,2017-12-30 17:40:30.524104
0.000514,0.0005153,0.000514,0.0005153,1514666160,0.0,0.0,1,JordanManual,CCCAGG,LEA,2017-12-30 17:40:30.524104
0.0005121,0.0005138,0.0005121,0.0005138,1514666340,0.0,0.0,1,JordanManual,CCCAGG,LEA,2017-12-30 17:40:30.524104
0.0005106,0.0005114,0.0005106,0.0005114,1514666520,0.0,0.0,1,JordanManual,CCCAGG,LEA,2017-12-30 17:40:30.524104
0.0005119,0.0005119,0.0005098,0.0005098,1514666700,0.0,0.0,1,JordanManual,CCCAGG,LEA,2017-12-30 17:40:30.524104
0.0005119,0.0005121,0.0005111,0.0005111,1514666880,0.0,0.0,1,JordanManual,CCCAGG,LEA,2017-12-30 17:40:30.524104
0.0005143,0.0005143,0.0005123,0.0005123,1514667060,0.0,0.0,1,JordanManual,CCCAGG,LEA,2017-12-30 17:40:30.524104
0.0005158,0.0005165,0.0005151,0.0005151,1514667240,0.0,0.0,1,JordanManual,CCCAGG,LEA,2017-12-30 17:40:30.524104
0.000516,0.000516,0.0005149,0.0005149,1514667420,0.0,0.0,1,JordanManual,CCCAGG,LEA,2017-12-30 17:40:30.524104
0.0005139,0.0005155,0.0005139,0.0005155,1514667600,0.0,0.0,1,JordanManual,CCCAGG,LEA,2017-12-30 17:40:30.524104
0.0005137,0.0005137,0.0005121,0.0005132,1514667780,2831.35,1.45,1,JordanManual,CCCAGG,LEA,2017-12-30 17:40:30.524104
0.0005159,0.0005159,0.0005146,0.0005146,1514667960,0.0,0.0,1,JordanManual,CCCAGG,LEA,2017-12-30 17:40:30.524104
0.0005148,0.0005151,0.0005148,0.0005151,1514668140,0.0,0.0,1,JordanManual,CCCAGG,LEA,2017-12-30 17:40:30.524104
0.0005138,0.0005142,0.0005138,0.0005142,1514668320,0.0,0.0,1,JordanManual,CCCAGG,LEA,2017-12-30 17:40:30.524104
0.00051,0.0005138,0.00051,0.0005138,1514668500,0.0,0.0,1,JordanManual,CCCAGG,LEA,2017-12-30 17:40:30.524104
0.0005103,0.0005103,0.0005099,0.00051,1514668680,0.0,0.0,1,JordanManual,CCCAGG,LEA,2017-12-30 17:40:30.524104
0.0005119,0.0005119,0.0005106,0.0005107,1514668860,0.0,0.0,1,JordanManual,CCCAGG,LEA,2017-12-30 17:40:30.524104
0.0005118,0.0005126,0.0005118,0.0005126,1514669040,0.0,0.0,1,JordanManual,CCCAGG,LEA,2017-12-30 17:40:30.524104
0.0005122,0.0005125,0.0005117,0.0005125,1514669220,0.0,0.0,1,JordanManual,CCCAGG,LEA,2017-12-30 17:40:30.524104
0.0005135,0.0005138,0.0005135,0.0005138,1514669400,0.0,0.0,1,JordanManual,CCCAGG,LEA,2017-12-30 17:40:30.524104
0.0005146,0.0005146,0.0005134,0.0005134,1514669580,0.0,0.0,1,JordanManual,CCCAGG,LEA,2017-12-30 17:40:30.524104
0.0005157,0.0005157,0.0005149,0.0005149,1514669760,0.0,0.0,1,JordanManual,CCCAGG,LEA,2017-12-30 17:40:30.524104
0.0005162,0.0005162,0.0005159,0.0005159,1514669940,0.0,0.0,1,JordanManual,CCCAGG,LEA,2017-12-30 17:40:30.524104
0.0005166,0.0005167,0.0005166,0.0005166,1514670120,3000.0,1.55,1,JordanManual,CCCAGG,LEA,2017-12-30 17:40:30.524104
0.0005155,0.0005169,0.0005155,0.0005169,1514670300,0.0,0.0,1,JordanManual,CCCAGG,LEA,2017-12-30 17:40:30.524104
0.0005143,0.0005143,0.0005136,0.0005139,1514670480,0.0,0.0,1,JordanManual,CCCAGG,LEA,2017-12-30 17:40:30.524104
0.0005154,0.0005154,0.000515,0.000515,1514670660,20797.92,10.71,1,JordanManual,CCCAGG,LEA,2017-12-30 17:40:30.524104
0.0005142,0.0005142,0.0005136,0.0005136,1514670840,0.0,0.0,1,JordanManual,CCCAGG,LEA,2017-12-30 17:40:30.524104
0.0005154,0.0005157,0.0005154,0.0005154,1514671020,2600.0,1.34,1,JordanManual,CCCAGG,LEA,2017-12-30 17:40:30.524104
0.0005178,0.0005178,0.0005162,0.0005162,1514671200,0.0,0.0,1,JordanManual,CCCAGG,LEA,2017-12-30 17:40:30.524104
0.0005189,0.0005192,0.0005182,0.0005182,1514671380,0.0,0.0,1,JordanManual,CCCAGG,LEA,2017-12-30 17:40:30.524104
0.0005189,0.0005189,0.0005183,0.0005183,1514671560,0.0,0.0,1,JordanManual,CCCAGG,LEA,2017-12-30 17:40:30.524104
0.0005177,0.0005188,0.0005177,0.0005188,1514671740,0.0,0.0,1,JordanManual,CCCAGG,LEA,2017-12-30 17:40:30.524104
0.0005178,0.0005178,0.0005173,0.0005173,1514671920,0.0,0.0,1,JordanManual,CCCAGG,LEA,2017-12-30 17:40:30.524104
0.0005174,0.0005183,0.0005174,0.0005183,1514672100,0.0,0.0,1,JordanManual,CCCAGG,LEA,2017-12-30 17:40:30.524104
0.0005158,0.0005159,0.0005156,0.0005159,1514672280,0.0,0.0,1,JordanManual,CCCAGG,LEA,2017-12-30 17:40:30.524104
0.0005167,0.0005167,0.0005163,0.0005163,1514672460,0.0,0.0,1,JordanManual,CCCAGG,LEA,2017-12-30 17:40:30.524104
0.000517,0.000517,0.0005162,0.0005168,1514672640,0.0,0.0,1,JordanManual,CCCAGG,LEA,2017-12-30 17:40:30.524104
0.0005172,0.0005175,0.0005172,0.0005172,1514672820,0.0,0.0,1,JordanManual,CCCAGG,LEA,2017-12-30 17:40:30.524104
0.0005176,0.0005176,0.0005165,0.0005165,1514673000,0.0,0.0,1,JordanManual,CCCAGG,LEA,2017-12-30 17:40:30.524104
0.0005181,0.0005187,0.0005177,0.0005177,1514673180,0.0,0.0,1,JordanManual,CCCAGG,LEA,2017-12-30 17:40:30.524104
0.0005176,0.0005182,0.0005176,0.0005177,1514673360,0.0,0.0,1,JordanManual,CCCAGG,LEA,2017-12-30 17:40:30.524104
0.0005168,0.0005176,0.0005168,0.0005176,1514673540,0.0,0.0,1,JordanManual,CCCAGG,LEA,2017-12-30 17:40:30.524104
0.0005131,0.0005159,0.0005131,0.0005159,1514673720,0.0,0.0,1,JordanManual,CCCAGG,LEA,2017-12-30 17:40:30.524104
0.0005147,0.0005153,0.0005142,0.0005142,1514673900,0.0,0.0,1,JordanManual,CCCAGG,LEA,2017-12-30 17:40:30.524104
0.0005156,0.0005158,0.0005153,0.0005158,1514674080,0.0,0.0,1,JordanManual,CCCAGG,LEA,2017-12-30 17:40:30.524104
0.0005152,0.0005155,0.0005151,0.0005151,1514674260,0.0,0.0,1,JordanManual,CCCAGG,LEA,2017-12-30 17:40:30.524104
0.0005153,0.0005153,0.0005152,0.0005152,1514674440,0.0,0.0,1,JordanManual,CCCAGG,LEA,2017-12-30 17:40:30.524104
0.0005139,0.0005158,0.0005139,0.0005158,1514674620,0.0,0.0,1,JordanManual,CCCAGG,LEA,2017-12-30 17:40:30.524104
0.0005115,0.0005126,0.0005115,0.0005126,1514674800,11528.02,5.9,1,JordanManual,CCCAGG,LEA,2017-12-30 17:40:30.524104
0.0005113,0.0005136,0.0005113,0.0005136,1514674980,0.0,0.0,1,JordanManual,CCCAGG,LEA,2017-12-30 17:40:30.524104
0.0005095,0.0005102,0.0005089,0.0005102,1514675160,0.0,0.0,1,JordanManual,CCCAGG,LEA,2017-12-30 17:40:30.524104
0.0005107,0.0005111,0.0005104,0.0005104,1514675340,0.0,0.0,1,JordanManual,CCCAGG,LEA,2017-12-30 17:40:30.524104
0.0005126,0.0005126,0.0005114,0.0005114,1514675520,0.0,0.0,1,JordanManual,CCCAGG,LEA,2017-12-30 17:40:30.524104
0.0005153,0.0005153,0.000513,0.000513,1514675700,0.0,0.0,1,JordanManual,CCCAGG,LEA,2017-12-30 17:40:30.524104
0.0005139,0.0005146,0.0005139,0.0005144,1514675880,0.0,0.0,1,JordanManual,CCCAGG,LEA,2017-12-30 17:40:30.524104
0.0005154,0.0005154,0.0005144,0.0005144,1514676060,0.0,0.0,1,JordanManual,CCCAGG,LEA,2017-12-30 17:40:30.524104
0.0005151,0.0005151,0.0005145,0.0005145,1514676240,0.0,0.0,1,JordanManual,CCCAGG,LEA,2017-12-30 17:40:30.524104
0.0005151,0.0005153,0.0005149,0.0005153,1514676420,0.0,0.0,1,JordanManual,CCCAGG,LEA,2017-12-30 17:40:30.524104
0.0005123,0.0005148,0.0005123,0.0005148,1514676600,0.0,0.0,1,JordanManual,CCCAGG,LEA,2017-12-30 17:40:30.524104
0.0005119,0.0005119,0.0005115,0.0005116,1514676780,0.0,0.0,1,JordanManual,CCCAGG,LEA,2017-12-30 17:40:30.524104
0.0005107,0.0005116,0.0005107,0.0005116,1514676960,0.0,0.0,1,JordanManual,CCCAGG,LEA,2017-12-30 17:40:30.524104
0.0005092,0.0005104,0.0005092,0.0005104,1514677140,0.0,0.0,1,JordanManual,CCCAGG,LEA,2017-12-30 17:40:30.524104
0.0005082,0.0005085,0.0005082,0.0005083,1514677320,0.0,0.0,1,JordanManual,CCCAGG,LEA,2017-12-30 17:40:30.524104
0.000508,0.0005081,0.0005073,0.0005073,1514677500,0.0,0.0,1,JordanManual,CCCAGG,LEA,2017-12-30 17:40:30.524104
0.0005075,0.0005077,0.0005069,0.0005077,1514677680,0.0,0.0,1,JordanManual,CCCAGG,LEA,2017-12-30 17:40:30.524104
0.0005072,0.0005072,0.0005071,0.0005071,1514677860,3200.0,1.62,1,JordanManual,CCCAGG,LEA,2017-12-30 17:40:30.524104
0.0005045,0.0005071,0.0005045,0.0005071,1514678040,0.0,0.0,1,JordanManual,CCCAGG,LEA,2017-12-30 17:40:30.524104
0.0005013,0.0005023,0.0005012,0.0005023,1514678220,0.0,0.0,1,JordanManual,CCCAGG,LEA,2017-12-30 17:40:30.524104
0.0005002,0.0005007,0.0005002,0.0005007,1514678400,0.0,0.0,1,JordanManual,CCCAGG,LEA,2017-12-30 17:40:30.524104
0.0005023,0.0005023,0.0005003,0.0005004,1514678580,0.0,0.0,1,JordanManual,CCCAGG,LEA,2017-12-30 17:40:30.524104
0.0005011,0.0005019,0.0005011,0.0005018,1514678760,0.0,0.0,1,JordanManual,CCCAGG,LEA,2017-12-30 17:40:30.524104
0.0004971,0.0004992,0.0004971,0.0004992,1514678940,0.0,0.0,1,JordanManual,CCCAGG,LEA,2017-12-30 17:40:30.524104
0.0004953,0.0004969,0.0004953,0.0004969,1514679120,0.0,0.0,1,JordanManual,CCCAGG,LEA,2017-12-30 17:40:30.524104
0.0004994,0.0004994,0.0004967,0.0004967,1514679300,0.0,0.0,1,JordanManual,CCCAGG,LEA,2017-12-30 17:40:30.524104
0.0005016,0.0005026,0.0005013,0.0005013,1514679480,0.0,0.0,1,JordanManual,CCCAGG,LEA,2017-12-30 17:40:30.524104
0.0005035,0.0005035,0.0005016,0.0005016,1514679660,0.0,0.0,1,JordanManual,CCCAGG,LEA,2017-12-30 17:40:30.524104
0.0005058,0.0005068,0.0005058,0.0005061,1514679840,0.0,0.0,1,JordanManual,CCCAGG,LEA,2017-12-30 17:40:30.524104
0.0005059,0.0005062,0.0005056,0.0005062,1514680020,0.0,0.0,1,JordanManual,CCCAGG,LEA,2017-12-30 17:40:30.524104
0.0005059,0.0005059,0.0005052,0.0005052,1514680200,0.0,0.0,1,JordanManual,CCCAGG,LEA,2017-12-30 17:40:30.524104
0.0005091,0.0005091,0.0005062,0.0005062,1514680380,10000.0,5.09,1,JordanManual,CCCAGG,LEA,2017-12-30 17:40:30.524104
0.0005096,0.0005096,0.0005089,0.0005089,1514680560,0.0,0.0,1,JordanManual,CCCAGG,LEA,2017-12-30 17:40:30.524104
0.0005118,0.00051,0.00051,0.00051,1514680740,0.0,0.0,1,JordanManual,CCCAGG,LEA,2017-12-30 17:40:30.524104
